0, [1, 146, 11], [11, 147, 147], [11, 11, 3], [343, 762, 743], [743, 704, 705], [3], [1.], [0], [6], [ 6, 18, 23, 59, 63], [  6,  18,  23,  59,  63, 101,  61,  30,   4, 136]
0, [2, 4, 1, 5, 6, 7, 8, 5, 9], [9], [9], [566, 554, 717, 714, 711, 319, 290, 316, 493], [493], [9], [1.], [0], [18], [18, 16,  3, 55, 23], [ 18,  16,   3,  55,  23,  30,   4,  59,  63, 136]
0, [2, 4, 1, 5, 6, 7], [7, 8, 5, 9], [7, 8, 5, 9], [566, 554, 717, 714, 711, 319], [319, 290, 316, 493], [9], [1.], [0], [3], [ 3, 60, 31, 17,  5], [  3,  60,  31,  17,   5,  50,  79,  15,  55, 126]
1, [167, 15], [15], [15], [214, 77], [77], [15], [1.], [0], [6], [ 6, 18, 23, 59, 63], [  6,  18,  23,  59,  63, 101,  30,  61,   4, 136]
2, [23, 149], [149], [24], [102, 754], [754], [24], [0.], [0], [6], [ 6, 18, 23, 67, 59], [  6,  18,  23,  67,  59, 101,  63,  61,   8,  13]
2, [149, 149], [149], [24], [754, 754], [754], [24], [0.], [0], [6], [ 6, 18, 23, 67, 59], [  6,  18,  23,  67,  59, 101,  63,  61,   8,  13]
2, [23, 31, 149], [149, 32], [24, 33], [102, 736, 754], [754, 740], [33], [0.], [0], [60], [60,  3, 31, 17,  5], [ 60,   3,  31,  17,   5,  50,  79,  15, 126,  34]
2, [149, 26, 146], [146], [24], [695, 668, 757], [757], [24], [0.], [0], [3], [ 3, 60, 31,  5, 17], [ 3, 60, 31,  5, 17, 50, 79, 55, 16, 15]
2, [149, 149], [149], [24], [754, 754], [754], [24], [0.], [0], [6], [ 6, 18, 23, 67, 59], [  6,  18,  23,  67,  59, 101,  13,  63,   8,  61]
3, [1, 17], [17], [18], [552, 737], [737], [18], [1.], [0], [60], [60,  3, 31, 79, 50], [ 60,   3,  31,  79,  50,  17,   5,  15,   2, 126]
3, [167, 167, 167, 167], [167], [23], [189, 191, 211, 187], [187], [23], [0.], [0], [60], [60,  3, 31, 50, 79], [ 60,   3,  31,  50,  79,  17,   5,  15, 126,   2]
3, [17, 174], [174], [15], [737, 198], [198], [15], [0.], [0], [60], [60,  3, 31, 79, 50], [ 60,   3,  31,  79,  50,  17,   5,  15, 126,   2]
3, [0, 18], [18], [19], [242, 32], [32], [19], [1.], [0], [60], [60,  3, 79, 31, 50], [ 60,   3,  79,  31,  50,   5,  17,  15,   2, 126]
4, [1, 49], [49], [53], [662, 666], [666], [53], [1.], [0], [6], [ 6, 18, 67, 23, 59], [  6,  18,  67,  23,  59, 101,  13,   8,  63,  61]
5, [33, 0], [0], [0], [458, 242], [242], [0], [1.], [0], [6], [ 6, 18, 23, 67, 59], [  6,  18,  23,  67,  59, 101,   8,  13,  63,  61]
5, [62, 161], [161], [3], [417, 644], [644], [3], [0.], [0], [6], [ 6, 18, 23, 59, 67], [  6,  18,  23,  59,  67, 101,  63,  61,   8,  13]
5, [33, 33], [33], [34], [458, 458], [458], [34], [1.], [0], [6], [ 6, 18, 67,  1, 13], [  6,  18,  67,   1,  13,  23,   8, 101,  99,  47]
5, [33, 159, 33, 33], [33], [34], [458, 583, 458, 458], [458], [34], [1.], [0], [6], [ 6, 18, 23, 67, 59], [  6,  18,  23,  67,  59,  13,   8, 101,  61,  99]
6, [6, 161, 6], [6], [6], [357, 641, 549], [549], [6], [1.], [0], [6], [ 6, 18, 23, 67, 59], [  6,  18,  23,  67,  59, 101,  63,   8,  61,  13]
6, [6, 161], [161], [25], [357, 641], [641], [25], [0.], [0], [60], [60,  3, 31, 17, 79], [ 60,   3,  31,  17,  79,   5,  50,  15,   2, 126]
6, [6, 161, 69, 22], [22], [23], [357, 641, 578, 545], [545], [23], [1.], [0], [3], [ 3, 60, 31,  5, 50], [  3,  60,  31,   5,  50,  17,  15,  34, 126,  79]
6, [166, 69, 28, 22], [22, 29], [23, 30], [21, 453, 547, 545], [545, 548], [30], [1.], [0], [60], [60,  3, 31, 79,  5], [60,  3, 31, 79,  5, 17, 50, 55, 16, 15]
6, [6, 161], [161], [25], [357, 641], [641], [25], [0.], [0], [6], [ 6, 18, 67, 23, 59], [  6,  18,  67,  23,  59, 101,   8,  13,  63,  61]
6, [161, 23, 37], [37], [39], [641, 564, 543], [543], [39], [1.], [0], [6], [ 6, 18, 23, 67, 59], [  6,  18,  23,  67,  59, 101,  63,  61,   8,  13]
6, [6, 30], [30], [31], [549, 134], [134], [31], [1.], [0], [60], [60,  3, 31, 17,  5], [60,  3, 31, 17,  5, 79, 50, 15, 55,  2]
6, [6, 161, 30], [30, 30], [31, 31], [357, 641, 562], [562, 520], [31], [1.], [0], [3], [ 3, 60, 31,  5, 17], [  3,  60,  31,   5,  17,  55,  50,  15,  79, 126]
7, [38, 147], [147], [11], [585, 704], [704], [11], [0.], [0], [3], [ 3, 16, 60, 55,  5], [ 3, 16, 60, 55,  5, 31, 29, 79, 81, 17]
8, [34, 163], [163], [49], [452, 400], [400], [49], [0.], [0], [6], [ 6, 18, 23, 67, 59], [  6,  18,  23,  67,  59, 101,  13,   8,  63,  61]
9, [57, 167], [167], [11], [80, 188], [188], [11], [0.], [0], [6], [  6,  18,  23,  59, 101], [  6,  18,  23,  59, 101,  63,  61,  67,   4, 136]
9, [167, 19], [19], [20], [187, 333], [333], [20], [1.], [0], [6], [ 6, 18, 23, 59, 67], [  6,  18,  23,  59,  67, 101,  63,  61,  13,   8]
9, [57, 19], [19], [20], [80, 334], [334], [20], [1.], [0], [6], [ 6, 18, 23, 67, 59], [  6,  18,  23,  67,  59, 101,  63,  13,   8,  61]
9, [1, 6, 75], [75, 174, 5, 174, 6], [81, 30, 5, 69, 6], [552, 549, 377], [377, 197, 120, 139, 336], [6], [1.], [0], [60], [60,  1,  3, 50, 31], [ 60,   1,   3,  50,  31,  17,   5,  15, 126,  79]
10, [48, 79, 6, 66], [66, 48, 11], [72, 52, 11], [308, 215, 165, 164], [164, 308, 553], [11], [1.], [0], [6], [ 6, 18, 23, 67, 59], [  6,  18,  23,  67,  59, 101,  13,   8,  63,  61]
10, [169, 79, 79, 18], [18], [19], [52, 215, 215, 69], [69], [19], [1.], [0], [6], [  6,  18,  23,  59, 101], [  6,  18,  23,  59, 101,  63,  61,  67,  30,   4]
11, [52, 57], [57], [62], [447, 487], [487], [62], [1.], [0], [6], [ 6,  1, 67, 47, 13], [  6,   1,  67,  47,  13,  51,  99,   8,  75, 129]
11, [52, 87], [87], [94], [447, 323], [323], [94], [1.], [0], [6], [ 6, 18, 23, 59, 13], [  6,  18,  23,  59,  13,  67, 101,  47,  63,   8]
11, [52, 173, 83, 83], [83], [89], [447, 433, 600, 476], [476], [89], [1.], [0], [60], [60,  3, 79, 31, 50], [60,  3, 79, 31, 50, 17,  5, 15,  2, 56]
11, [62, 15], [15], [15], [163, 347], [347], [15], [1.], [0], [6], [ 6, 18, 67, 23, 59], [  6,  18,  67,  23,  59, 101,  13,   8,  63, 103]
11, [52, 85, 8], [8], [8], [447, 449, 244], [244], [8], [1.], [0], [6], [ 6, 18, 23, 67, 59], [  6,  18,  23,  67,  59, 101,  63,  13,   8,  61]
12, [92, 83], [83], [89], [724, 304], [304], [89], [1.], [0], [3], [ 3, 60, 31, 17,  5], [ 3, 60, 31, 17,  5, 55, 16, 79, 50, 15]
13, [16, 11], [11], [11], [676, 594], [594], [11], [1.], [0], [60], [60,  3, 31, 17,  5], [ 60,   3,  31,  17,   5,  79,  50,  15, 126,  34]
13, [6, 17, 29], [29], [30], [679, 737, 45], [45], [30], [1.], [0], [6], [ 6, 18, 23, 59, 67], [  6,  18,  23,  59,  67, 101,  61,  63,   8,  13]
14, [13, 30], [30], [31], [167, 216], [216], [31], [1.], [0], [6], [ 6, 18, 23, 67, 59], [  6,  18,  23,  67,  59, 101,  63,  61,   8,  13]
14, [162, 162, 166], [166], [30], [650, 651, 17], [17], [30], [0.], [0], [6], [ 6, 18, 23, 67, 59], [  6,  18,  23,  67,  59, 101,  63,  61,   8,  13]
15, [6, 29], [29], [30], [354, 265], [265], [30], [1.], [0], [6], [ 6, 18, 67, 13,  1], [  6,  18,  67,  13,   1,  23,   8, 101,  99,  47]
15, [56, 18], [18], [19], [209, 759], [759], [19], [1.], [0], [60], [60,  3, 31, 79, 17], [60,  3, 31, 79, 17,  5, 50, 55, 15, 16]
15, [167, 30], [30], [31], [212, 332], [332], [31], [1.], [0], [60], [60,  3, 31, 79, 17], [ 60,   3,  31,  79,  17,   5,  50,  15, 126,   2]
15, [167, 1], [1], [1], [192, 116], [116], [1], [1.], [0], [60], [60,  3, 79, 31,  5], [ 60,   3,  79,  31,   5,  50,  17,  15, 126,  56]
16, [160, 160, 160], [160], [11], [607, 612, 608], [608], [11], [0.], [0], [60], [60,  3, 31, 17, 50], [ 60,   3,  31,  17,  50,  79,   5,  15, 126,   2]
17, [6, 3], [3], [3], [157, 363], [363], [3], [1.], [0], [3], [ 3, 60, 31,  5, 55], [ 3, 60, 31,  5, 55, 17, 16, 50, 79, 15]
17, [108, 5], [5], [5], [687, 714], [714], [5], [1.], [0], [6], [ 6, 18, 23, 67, 59], [  6,  18,  23,  67,  59, 101,  63,  61,   8,  13]
18, [78, 6], [6], [6], [107, 165], [165], [6], [1.], [0], [6], [ 6, 18, 23, 67, 59], [  6,  18,  23,  67,  59, 101,  13,  63,   8,  61]
19, [162, 79], [79], [85], [654, 503], [503], [85], [1.], [0], [60], [60,  3, 31, 17,  5], [ 60,   3,  31,  17,   5,  50,  79,  15,  55, 126]
20, [11, 80], [80], [86], [605, 478], [478], [86], [1.], [0], [3], [ 3, 60, 31, 17,  5], [  3,  60,  31,  17,   5,  50,  79,  15,  55, 126]
20, [18, 45], [45], [49], [70, 505], [505], [49], [1.], [0], [60], [60,  3, 31, 17,  5], [ 60,   3,  31,  17,   5,  50,  79,  15,  55, 126]
21, [6, 41], [41], [44], [628, 603], [603], [44], [1.], [0], [6], [ 6, 18, 67, 23, 59], [  6,  18,  67,  23,  59, 101,  13,   8,  63,  61]
22, [174, 171], [171], [30], [139, 89], [89], [30], [0.], [0], [6], [ 6, 18, 23, 67, 59], [  6,  18,  23,  67,  59, 101,  61,  63,   8,  13]
22, [6, 71], [71], [77], [516, 534], [534], [77], [1.], [0], [6], [ 6, 18, 67, 23, 59], [  6,  18,  67,  23,  59,  13, 101,   8,  61,  63]
23, [31, 108], [108], [116], [736, 727], [727], [116], [1.], [0], [6], [ 6, 18, 23, 67, 59], [  6,  18,  23,  67,  59, 101,   8,  13,  61,  99]
23, [49, 21, 11], [11], [11], [634, 515, 174], [174], [11], [1.], [0], [6], [ 6, 18, 67, 23, 59], [  6,  18,  67,  23,  59, 101,   8,  13,  61,  63]
23, [64, 21], [21], [22], [195, 515], [515], [22], [1.], [0], [60], [60,  3,  1, 31, 79], [ 60,   3,   1,  31,  79,  17,  50,  15,   2, 126]
23, [152, 156], [156], [116], [372, 529], [529], [116], [0.], [0], [6], [ 6, 18, 23, 67, 59], [  6,  18,  23,  67,  59, 101,  13,   8,  63,  61]
24, [146, 15], [15], [15], [761, 767], [767], [15], [1.], [0], [1], [  1,  67, 126,  13,  34], [  1,  67, 126,  13,  34,  49,  15,  11,  48,  50]
24, [120, 146], [146], [90], [760, 766], [766], [90], [0.], [0], [60], [60,  3, 31, 17, 50], [ 60,   3,  31,  17,  50,  79,   5,  15, 126,  34]
24, [64, 146], [146], [90], [701, 766], [766], [90], [0.], [0], [60], [60,  3, 31, 79, 17], [ 60,   3,  31,  79,  17,   5,  50,  15, 126,   2]
25, [1, 16, 6, 27], [27], [28], [674, 676, 678, 660], [660], [28], [1.], [0], [6], [ 6, 18, 67, 23, 59], [  6,  18,  67,  23,  59, 101,  13,  63,   8,  61]
26, [123, 5, 3], [3], [3], [282, 316, 602], [602], [3], [1.], [0], [6], [ 6, 18, 23, 67, 59], [  6,  18,  23,  67,  59, 101,  63,  13,   8,  61]
26, [5, 5], [5], [5], [316, 316], [316], [5], [1.], [0], [3], [ 3, 60, 31, 17,  5], [  3,  60,  31,  17,   5,  50,  79,  15, 126,  55]
26, [6, 5], [5], [5], [327, 316], [316], [5], [1.], [0], [60], [60,  3, 31, 17, 50], [ 60,   3,  31,  17,  50,   5,  79,  15, 126,   2]
27, [6, 24], [24], [25], [693, 369], [369], [25], [1.], [0], [6], [  6,  18,  23,  59, 101], [  6,  18,  23,  59, 101,  67,  63,  61,   8,   4]
27, [6, 24], [24], [25], [357, 369], [369], [25], [1.], [0], [6], [ 6, 18, 23, 59, 63], [  6,  18,  23,  59,  63, 101,  67,  61,   8, 103]
28, [48, 60], [60], [65], [624, 455], [455], [65], [1.], [0], [6], [  6,  18,  23,  59, 101], [  6,  18,  23,  59, 101,  63,  61,   4,  30, 136]
28, [160, 15], [15], [15], [615, 414], [414], [15], [1.], [0], [3], [ 3, 60, 31,  5, 17], [  3,  60,  31,   5,  17,  50,  79,  15,  55, 126]
29, [16, 16], [16], [16], [179, 179], [179], [16], [1.], [0], [6], [ 6, 18, 23, 59, 67], [  6,  18,  23,  59,  67, 101,  63,  61,  13,   8]
29, [77, 3, 15], [15, 2, 47], [15, 2, 51], [588, 632, 604], [604, 633, 669], [51], [1.], [0], [6], [ 6, 18, 23, 67, 59], [  6,  18,  23,  67,  59, 101,  63,  13,  61,   8]
29, [47, 114], [114], [127], [669, 50], [50], [127], [1.], [0], [3], [ 3, 60,  5, 31, 17], [  3,  60,   5,  31,  17,  55,  79,  50, 126,  34]
29, [68, 47], [47], [51], [243, 669], [669], [51], [1.], [0], [3], [ 3, 60, 31,  5, 17], [  3,  60,  31,   5,  17,  50,  79,  55, 126,  15]
30, [91, 31], [31], [32], [284, 736], [736], [32], [1.], [0], [6], [ 6, 18, 23, 67, 59], [  6,  18,  23,  67,  59, 101,  63,  61,  13,   8]
30, [16, 31], [31], [32], [576, 736], [736], [32], [1.], [0], [6], [ 6, 18, 23, 67, 59], [  6,  18,  23,  67,  59, 101,  63,  13,  61,   8]
31, [13, 41], [41], [44], [667, 603], [603], [44], [1.], [0], [6], [ 6, 18, 23, 67, 59], [  6,  18,  23,  67,  59, 101,   8,  63,  13,  61]
31, [147, 147], [147], [12], [704, 703], [703], [12], [0.], [0], [6], [ 6, 18, 23, 67, 59], [  6,  18,  23,  67,  59, 101,  63,  61,   8,  13]
32, [17, 6], [6], [6], [737, 225], [225], [6], [1.], [0], [6], [ 6, 18, 23, 67, 59], [  6,  18,  23,  67,  59, 101,  63,  13,   8,  61]
32, [17, 17, 57, 6], [6], [6], [737, 697, 222, 184], [184], [6], [1.], [0], [6], [ 6, 18, 23, 67, 59], [  6,  18,  23,  67,  59, 101,  13,  63,   8,  61]
33, [147, 1], [1], [1], [705, 717], [717], [1], [1.], [0], [6], [ 6,  1, 67, 13, 23], [  6,   1,  67,  13,  23,  18,   8,  99,  47, 102]
34, [92, 29], [29], [30], [724, 659], [659], [30], [1.], [0], [3], [ 3, 60, 31,  5, 55], [ 3, 60, 31,  5, 55, 17, 16, 50, 79, 15]
35, [6, 74], [74], [80], [287, 542], [542], [80], [1.], [0], [6], [ 6, 18, 23, 67, 59], [  6,  18,  23,  67,  59, 101,  63,   8,  13,  61]
36, [6, 6, 6], [6], [6], [33, 33, 33], [33], [6], [1.], [0], [6], [ 6, 18, 67, 23, 59], [  6,  18,  67,  23,  59,  13, 101,   8,  63,  61]
37, [173, 174], [174], [28], [430, 147], [147], [28], [0.], [0], [60], [60,  3, 31, 17,  5], [ 60,   3,  31,  17,   5,  50,  79,  15,   2, 126]
38, [173, 4], [4], [4], [443, 451], [451], [4], [1.], [0], [6], [ 6, 18, 23, 67, 59], [  6,  18,  23,  67,  59, 101,  63,   8,  13,  61]
39, [57, 6, 57, 155], [155], [62], [445, 415, 445, 466], [466], [62], [0.], [0], [60], [60,  3, 31, 17, 79], [ 60,   3,  31,  17,  79,  50,   5,  15,   2, 126]
39, [155, 153, 153, 153], [153, 29], [31, 30], [466, 383, 394, 384], [384, 416], [30], [0.], [0], [60], [60,  3, 31, 17, 50], [ 60,   3,  31,  17,  50,  79,   5,  15, 126,   2]
40, [102, 17, 147], [147], [39], [364, 697, 707], [707], [39], [0.], [0], [60], [60,  3,  5, 31, 79], [ 60,   3,   5,  31,  79,  50,  17,  55, 126,  34]
41, [174, 174], [174], [69], [139, 139], [139], [69], [0.], [0], [3], [ 3, 60, 31,  5, 17], [  3,  60,  31,   5,  17,  55,  50, 126,  34,  79]
42, [6, 30, 144], [144], [76], [148, 541, 397], [397], [76], [0.], [0], [60], [60,  3, 31, 79, 17], [ 60,   3,  31,  79,  17,   5,  50,  15, 126,   2]
43, [1, 148], [148], [16], [717, 750], [750], [16], [0.], [0], [6], [ 6, 18, 23, 67, 59], [  6,  18,  23,  67,  59, 101,  63,  61,   8,  13]
44, [79, 31, 101], [101], [109], [236, 736, 690], [690], [109], [1.], [0], [6], [ 6, 18, 23, 67, 59], [  6,  18,  23,  67,  59, 101,  13,  63,   8,  61]
45, [151, 173], [173], [83], [370, 429], [429], [83], [0.], [0], [6], [  6,  18,  23, 101,  59], [  6,  18,  23, 101,  59,  61,  30,   8,  63,   4]
46, [15, 90], [90], [97], [386, 387], [387], [97], [1.], [0], [6], [ 6, 18, 23, 59, 67], [  6,  18,  23,  59,  67, 101,  63,  61,   8,  13]
47, [133, 11], [11], [11], [636, 605], [605], [11], [1.], [0], [60], [60,  3, 31, 17,  5], [ 60,   3,  31,  17,   5,  50,  79,  15, 126,   2]
48, [1, 50], [50], [54], [203, 202], [202], [54], [1.], [0], [6], [ 6, 18, 23, 67, 59], [  6,  18,  23,  67,  59, 101,  63,   8,  13,  61]
49, [171, 6], [6], [6], [96, 73], [73], [6], [1.], [0], [6], [ 6, 18, 23, 67, 59], [  6,  18,  23,  67,  59, 101,  13,   8,  63,  61]
50, [6, 3], [3], [3], [696, 247], [247], [3], [1.], [0], [6], [ 6, 18, 23, 67, 59], [  6,  18,  23,  67,  59, 101,   8,  61,  13,  63]
51, [136, 148], [148], [2], [661, 741], [741], [2], [0.], [0], [6], [ 6, 18, 23, 67, 59], [  6,  18,  23,  67,  59, 101,  63,  61,   8,  13]
52, [51, 171], [171], [11], [84, 91], [91], [11], [0.], [0], [1], [  1,  60,  17, 126,  15], [  1,  60,  17, 126,  15,  50,  31,  34,   2,   5]
53, [11, 19, 149], [149], [80], [373, 334, 755], [755], [80], [0.], [0], [6], [ 6, 18, 23, 67, 59], [  6,  18,  23,  67,  59, 101,  63,   8,  61,  13]
54, [18, 49], [49], [53], [759, 152], [152], [53], [1.], [0], [6], [ 6, 18, 23, 59, 63], [  6,  18,  23,  59,  63, 101,  61,  30, 103, 136]
55, [16, 32], [32], [33], [746, 740], [740], [33], [1.], [0], [6], [  6,  18,  23,  59, 101], [  6,  18,  23,  59, 101,  63,   4,  61,  30, 136]
56, [16, 53], [53], [58], [268, 297], [297], [58], [1.], [0], [6], [  6,  18,  23, 101,  67], [  6,  18,  23, 101,  67,  59,   8,  99,  13,  61]
57, [171, 171], [171], [62], [95, 95], [95], [62], [0.], [0], [6], [  6,  18,  23,  59, 101], [  6,  18,  23,  59, 101,  61,  63,   4,   8,  30]
57, [6, 29], [29], [30], [580, 97], [97], [30], [1.], [0], [6], [ 6, 18, 23, 67, 59], [  6,  18,  23,  67,  59, 101,  61,   8,  63,  13]
58, [3, 136], [136], [162], [684, 388], [388], [162], [1.], [0], [6], [ 6, 18, 23, 67, 59], [  6,  18,  23,  67,  59, 101,  63,   8,  61,  13]
59, [73, 131], [131], [151], [322, 330], [330], [151], [1.], [0], [3], [ 3, 60, 31, 17,  5], [  3,  60,  31,  17,   5,  50,  79,  15,  55, 126]
60, [79, 1], [1], [1], [360, 717], [717], [1], [1.], [0], [6], [ 6, 18, 23, 67, 59], [  6,  18,  23,  67,  59, 101,  63,  61,   8,  13]
61, [100, 29], [29], [30], [731, 265], [265], [30], [1.], [0], [6], [ 6, 18, 23, 67, 59], [  6,  18,  23,  67,  59, 101,  13,   8,  63,  61]
61, [157, 157, 18], [18], [19], [532, 531, 533], [533], [19], [1.], [0], [6], [ 6, 18, 67, 23, 59], [  6,  18,  67,  23,  59,  13, 101,   8,  63,  61]
62, [3, 81], [81], [87], [230, 162], [162], [87], [1.], [0], [60], [60,  3, 31, 79, 17], [ 60,   3,  31,  79,  17,  50,   5,  15, 126,  34]
62, [6, 2], [2], [2], [165, 186], [186], [2], [1.], [0], [60], [60,  3, 31, 17, 50], [ 60,   3,  31,  17,  50,   5,  79,  15, 126,  34]
63, [100, 59], [59], [64], [269, 283], [283], [64], [1.], [0], [6], [ 6, 18, 67, 23, 59], [  6,  18,  67,  23,  59, 101,  13,  63,   8, 103]
63, [6, 5], [5], [5], [255, 316], [316], [5], [1.], [0], [6], [  6,  18,  23,  59, 101], [  6,  18,  23,  59, 101,  67,  63,  61,  13,   8]
64, [0, 0], [0], [0], [242, 242], [242], [0], [1.], [0], [6], [  6,  18,  23, 101,  59], [  6,  18,  23, 101,  59,  67,  61,  13,   8,  99]
65, [149, 29], [29], [30], [754, 358], [358], [30], [1.], [0], [6], [ 6, 18, 23, 67, 59], [  6,  18,  23,  67,  59, 101,  63,   8,  61,  13]
66, [25, 5, 6], [6], [6], [30, 591, 33], [33], [6], [1.], [0], [60], [60,  3, 31, 79,  5], [ 60,   3,  31,  79,   5,  50,  17,  15, 126,  34]
67, [23, 44], [44], [48], [504, 303], [303], [48], [1.], [0], [6], [ 6, 18, 23, 67, 59], [  6,  18,  23,  67,  59, 101,  63,  61,   8,  13]
68, [1, 11, 1], [1], [1], [570, 555, 570], [570], [1], [1.], [0], [6], [ 6, 18, 23, 67, 59], [  6,  18,  23,  67,  59, 101,  13,   8,  63,  61]
69, [6, 6], [6], [6], [287, 28], [28], [6], [1.], [0], [6], [ 6, 18, 23, 59, 67], [  6,  18,  23,  59,  67, 101,  63,  61,   8, 103]
70, [29, 39], [39], [42], [265, 113], [113], [42], [1.], [0], [6], [ 6, 18, 23, 67, 59], [  6,  18,  23,  67,  59, 101,  63,   8,  61,  13]
71, [146, 139], [139], [169], [702, 742], [742], [169], [1.], [0], [6], [ 6, 18, 23, 67, 59], [  6,  18,  23,  67,  59, 101,   8,  13,  61,  63]
72, [3, 5], [5], [5], [341, 296], [296], [5], [1.], [0], [6], [ 6, 18, 23, 67, 59], [  6,  18,  23,  67,  59, 101,  63,   8,  61,  13]
73, [54, 171], [171], [30], [501, 89], [89], [30], [0.], [0], [6], [ 6, 18, 23, 59, 67], [  6,  18,  23,  59,  67, 101,  63,  61,   8,  13]
74, [172, 166], [166], [2], [39, 14], [14], [2], [0.], [0], [60], [60,  3,  1, 31, 17], [60,  3,  1, 31, 17, 50, 79,  2, 15,  5]
75, [3, 3], [3], [3], [252, 349], [349], [3], [1.], [0], [6], [  6,  18,  23,  59, 101], [  6,  18,  23,  59, 101,  67,  61,   4,  63,   8]
76, [13, 87], [87], [94], [298, 350], [350], [94], [1.], [0], [6], [ 6, 18, 23, 67, 59], [  6,  18,  23,  67,  59, 101,  13,  61,  63,   8]
77, [11, 126], [126], [142], [605, 496], [496], [142], [1.], [0], [6], [ 6, 18, 23, 67, 59], [  6,  18,  23,  67,  59, 101,  63,  13,   8,  61]
78, [53, 173], [173], [30], [379, 426], [426], [30], [0.], [0], [6], [ 6, 18, 23, 67, 59], [  6,  18,  23,  67,  59, 101,  63,  13,   8,  61]
79, [174, 174], [174], [68], [143, 145], [145], [68], [0.], [0], [6], [ 6, 18, 23, 67, 59], [  6,  18,  23,  67,  59, 101,  13,  63,   8,  61]
80, [158, 143], [143], [178], [539, 524], [524], [178], [1.], [0], [6], [ 6, 18, 23, 67, 59], [  6,  18,  23,  67,  59, 101,   8,  13,  63,  61]
81, [52, 173], [173], [63], [447, 437], [437], [63], [0.], [0], [60], [60,  3, 79, 31, 50], [60,  3, 79, 31, 50, 17, 15,  5,  2, 16]
82, [174, 174], [174], [30], [199, 197], [197], [30], [0.], [0], [3], [ 3, 60, 31, 17,  5], [  3,  60,  31,  17,   5,  50,  79,  15,  55, 126]
83, [6, 79], [79], [85], [678, 680], [680], [85], [1.], [0], [6], [  6,  18,  23,  67, 101], [  6,  18,  23,  67, 101,  59,  13,   8,  61,  63]
84, [21, 106, 118], [118], [133], [592, 454, 635], [635], [133], [1.], [0], [6], [ 6, 18, 23, 67, 59], [  6,  18,  23,  67,  59, 101,   8,  13,  63,  61]
85, [3, 3], [3], [3], [252, 349], [349], [3], [1.], [0], [6], [ 6, 18, 23, 59, 30], [  6,  18,  23,  59,  30,  63, 101,   4,  61, 136]
86, [54, 100], [100], [108], [501, 590], [590], [108], [1.], [0], [3], [ 3, 60, 31, 17,  5], [  3,  60,  31,  17,   5,  50,  79,  15, 126,  34]
87, [171, 122], [122], [137], [92, 81], [81], [137], [1.], [0], [6], [  6,  18,  23,  59, 101], [  6,  18,  23,  59, 101,  67,  63,  61,   8,  13]
88, [5, 0], [0], [0], [316, 242], [242], [0], [1.], [0], [60], [60,  3, 31, 17, 50], [ 60,   3,  31,  17,  50,  79,   5,  15, 126,   2]
89, [63, 174], [174], [24], [201, 144], [144], [24], [0.], [0], [60], [60,  3, 31, 79, 50], [ 60,   3,  31,  79,  50,  17,  15,   5,   2, 126]
90, [173, 106], [106], [114], [432, 115], [115], [114], [1.], [0], [6], [ 6, 18, 23, 67, 59], [  6,  18,  23,  67,  59, 101,   8,  13,  61,  99]
91, [108, 79, 108], [108], [116], [728, 733, 734], [734], [116], [1.], [0], [6], [ 6, 18, 23, 67, 59], [  6,  18,  23,  67,  59, 101,  63,   8,  61,  13]
