(0, [716, 718, 720, 744, 747, 342])
(0, [739, 688, 714, 739])
(0, [343, 762, 743, 704, 705])
(0, [674, 675])
(0, [568, 719, 714])
(0, [568, 375])
(0, [566, 554, 717, 714])
(0, [568, 566, 567])
(0, [716, 718, 720, 744, 747])
(0, [566, 554, 717])
(0, [716, 718, 720])
(0, [566, 554, 717, 714, 711, 319, 290, 316])
(0, [568, 719, 714, 714, 704, 480])
(0, [566, 554, 717, 714, 711])
(0, [343, 762, 743, 704])
(0, [739, 688, 714])
(0, [568, 719, 714, 714])
(0, [568, 719, 714, 714, 704])
(0, [716, 718, 720, 744])
(0, [682, 681])
(0, [566, 554, 717, 714, 711, 319, 290])
(1, [456, 457])
(2, [560, 556])
(2, [668, 753, 754])
(2, [754, 752])
(2, [753, 754])
(2, [754, 563, 559])
(2, [540, 537, 561])
(2, [754, 563, 556])
(2, [122, 559])
(2, [668, 548, 562])
(2, [102, 737, 752])
(2, [752, 754])
(2, [122, 754])
(2, [770, 754, 754])
(2, [754, 752])
(2, [754, 752])
(2, [754, 754])
(2, [737, 190, 22])
(2, [668, 548, 562, 559])
(2, [548, 558, 559, 561])
(2, [102, 754])
(2, [695, 537, 540])
(2, [737, 668])
(2, [769, 754])
(2, [737, 754, 101])
(2, [754, 752])
(2, [737, 754, 101, 737])
(2, [548, 558, 559])
(2, [754, 754])
(2, [737, 190, 22, 556])
(2, [675, 668, 556])
(2, [658, 754])
(2, [547, 548])
(2, [584, 582])
(2, [754, 563, 556, 537])
(2, [754, 556, 541])
(2, [102, 736, 754, 740])
(2, [668, 547])
(2, [537, 538])
(3, [33, 32])
(3, [707, 756])
(3, [34, 242])
(3, [57, 737, 536])
(3, [634, 57, 56, 59])
(3, [57, 737, 536, 543])
(3, [242, 189])
(3, [585, 672])
(3, [10, 151])
(3, [57, 56, 59])
(3, [110, 70, 65, 63])
(3, [242, 303])
(3, [34, 32])
(3, [634, 57, 56])
(3, [242, 110, 71])
(3, [242, 245])
(3, [530, 371])
(3, [737, 537])
(3, [211, 190, 187])
(3, [189, 191, 211])
(3, [110, 70, 65])
(3, [523, 697])
(3, [587, 242])
(3, [42, 251])
(3, [603, 604])
(3, [32, 31, 33])
(3, [44, 43])
(3, [759, 694])
(3, [694, 697])
(3, [32, 33])
(3, [585, 43])
(3, [189, 110])
(3, [110, 244])
(3, [634, 57, 56, 59, 32])
(4, [662, 663])
(5, [313, 463])
(5, [313, 516])
(5, [458, 417, 458])
(5, [513, 242])
(5, [463, 417, 463])
(5, [139, 463])
(5, [622, 380, 385])
(5, [27, 242])
(5, [458, 463])
(5, [574, 417])
(5, [422, 458])
(5, [458, 583, 458])
(5, [522, 463])
(5, [463, 242])
(5, [458, 458])
(5, [458, 631])
(5, [431, 313, 632])
(5, [385, 381])
(5, [463, 458, 458])
(5, [422, 463])
(5, [458, 458])
(5, [380, 242])
(5, [458, 630, 458])
(5, [417, 458])
(5, [444, 463])
(5, [442, 458])
(5, [458, 210])
(6, [357, 641])
(6, [357, 641])
(6, [140, 139])
(6, [357, 641])
(6, [357, 641])
(6, [146, 144, 134])
(6, [187, 357, 641])
(6, [641, 453, 393])
(6, [142, 146])
(6, [357, 641, 549])
(6, [357, 641, 545, 543])
(6, [759, 453, 23, 146])
(6, [357, 641])
(6, [357, 641])
(6, [357, 641])
(6, [328, 146, 265])
(6, [357, 525])
(6, [357, 641])
(6, [357, 641])
(6, [357, 641])
(6, [357, 641, 549])
(6, [357, 641, 545])
(6, [357, 453, 450])
(6, [357, 641])
(6, [357, 641])
(6, [357, 641])
(6, [357, 641])
(6, [357, 641])
(6, [357, 641])
(6, [549, 548])
(6, [357, 641])
(6, [357, 641])
(6, [357, 641])
(6, [582, 578, 518])
(6, [605, 187])
(6, [357, 641])
(6, [146, 135])
(6, [549, 521])
(6, [759, 453, 23, 146, 4])
(6, [357, 641, 15])
(6, [357, 641])
(6, [357, 641])
(6, [357, 641])
(6, [357, 641, 562, 520])
(6, [357, 641])
(6, [357, 641])
(6, [21, 453, 547, 545, 548])
(6, [357, 351])
(6, [357, 641])
(6, [357, 641])
(6, [357, 641, 578])
(6, [357, 641])
(6, [357, 641])
(6, [357, 549, 641])
(6, [357, 641, 140])
(6, [357, 641, 548])
(6, [357, 146])
(6, [146, 189])
(6, [759, 453, 23])
(6, [21, 453, 547])
(6, [357, 641])
(6, [641, 544])
(6, [549, 549, 532])
(6, [357, 641])
(6, [357, 641])
(7, [599, 585])
(8, [549, 520])
(8, [401, 399])
(8, [574, 396])
(8, [403, 402])
(8, [380, 395])
(8, [574, 744, 737])
(8, [574, 401])
(8, [574, 582])
(9, [80, 252])
(9, [376, 377])
(9, [80, 197, 259])
(9, [80, 79, 334, 333])
(9, [376, 334])
(9, [376, 377, 80])
(9, [376, 377, 80, 188])
(9, [552, 549, 377, 197, 120, 139])
(9, [377, 376])
(9, [552, 549, 377, 197, 120, 139, 336])
(9, [333, 334, 242, 290])
(9, [552, 549, 377, 197])
(9, [377, 334])
(9, [376, 377])
(9, [188, 707])
(9, [334, 259])
(9, [80, 230])
(9, [376, 377])
(9, [376, 377, 80])
(9, [377, 80])
(9, [230, 336, 498])
(9, [376, 377])
(9, [80, 265])
(9, [230, 230, 230])
(9, [80, 79, 334])
(9, [438, 296])
(9, [80, 268])
(9, [80, 334])
(9, [552, 549, 377, 197, 120])
(9, [187, 707, 479])
(9, [333, 334])
(9, [80, 268, 281, 268])
(9, [80, 268, 281])
(9, [333, 334, 242])
(9, [438, 334])
(10, [430, 7])
(10, [308, 254, 165])
(10, [308, 215, 165, 164, 308])
(10, [308, 220])
(10, [51, 215])
(10, [51, 215])
(10, [308, 309, 308])
(10, [308, 215, 165])
(10, [52, 215, 215])
(10, [69, 122])
(10, [254, 308])
(10, [308, 215, 165, 164, 308, 553])
(10, [51, 215])
(10, [51, 69, 103])
(10, [51, 215])
(11, [324, 238, 239])
(11, [133, 447, 658])
(11, [344, 759, 265])
(11, [447, 374])
(11, [447, 449])
(11, [447, 260])
(11, [449, 317])
(11, [354, 449])
(11, [447, 448, 227])
(11, [326, 449])
(11, [447, 227])
(11, [447, 448])
(11, [354, 598])
(11, [166, 150])
(11, [447, 473])
(11, [447, 449])
(11, [449, 227])
(11, [626, 449, 447])
(11, [324, 238, 239, 285])
(11, [449, 598])
(11, [447, 433, 600])
(11, [447, 449])
(11, [447, 449, 22])
(11, [665, 508])
(11, [447, 449])
(11, [449, 3])
(11, [447, 449])
(11, [318, 70, 265])
(11, [252, 449, 665, 598])
(11, [772, 763, 223])
(11, [698, 700, 160])
(11, [289, 316])
(11, [447, 763, 512])
(11, [354, 476, 227])
(11, [354, 447])
(11, [324, 447, 622])
(11, [447, 348])
(11, [345, 756])
(11, [447, 227])
(11, [511, 4])
(11, [4, 289])
(11, [252, 449, 665])
(11, [317, 260])
(11, [447, 449, 447])
(12, [158, 334, 289])
(12, [158, 258])
(12, [158, 625])
(12, [158, 334, 289, 595])
(13, [679, 40])
(13, [679, 36])
(13, [679, 307])
(13, [768, 37])
(13, [58, 139, 41])
(13, [85, 139, 143, 45])
(13, [677, 216])
(13, [35, 45])
(13, [679, 45])
(13, [85, 139, 143])
(13, [679, 45])
(14, [736, 12])
(14, [168, 168])
(14, [195, 25])
(14, [167, 11, 16])
(14, [167, 167])
(14, [169, 168, 20])
(14, [168, 139])
(14, [168, 139])
(14, [167, 179])
(14, [167, 139])
(14, [167, 9, 11])
(14, [0, 25])
(14, [736, 446])
(14, [168, 69])
(14, [168, 11])
(14, [179, 168, 25])
(15, [359, 627])
(15, [355, 637])
(15, [699, 242])
(15, [690, 759])
(15, [139, 209])
(15, [331, 612, 612])
(15, [354, 265])
(15, [193, 212, 209])
(15, [272, 269])
(15, [351, 586])
(15, [369, 326])
(15, [250, 192])
(15, [593, 119])
(15, [250, 212, 213])
(15, [509, 262])
(15, [354, 759])
(15, [242, 290])
(15, [354, 325])
(15, [759, 139])
(15, [240, 236, 521])
(15, [593, 119])
(15, [354, 250])
(15, [250, 192])
(15, [6, 208])
(15, [264, 369, 233])
(15, [329, 659, 228])
(15, [759, 500])
(15, [657, 620, 610])
(15, [764, 209, 510])
(15, [265, 659])
(15, [250, 212, 213, 192])
(15, [685, 646])
(15, [480, 480, 740])
(15, [659, 265, 232])
(15, [294, 261])
(16, [398, 407])
(17, [710, 444])
(17, [363, 748])
(17, [685, 640])
(17, [156, 159])
(17, [715, 763, 763])
(17, [363, 352])
(17, [273, 279])
(17, [244, 244])
(17, [573, 203])
(18, [736, 690])
(19, [649, 655])
(19, [737, 490])
(19, [653, 656, 647])
(19, [649, 648])
(19, [588, 503])
(20, [168, 494])
(20, [168, 242])
(20, [168, 171, 216])
(20, [123, 478])
(20, [168, 139])
(20, [168, 740, 746, 120])
(20, [123, 494])
(20, [168, 740, 746])
(20, [170, 478, 260])
(20, [497, 494])
(20, [139, 146])
(20, [168, 172])
(20, [187, 139, 146])
(20, [112, 520])
(21, [160, 363])
(21, [157, 160])
(22, [548, 98])
(22, [516, 564])
(22, [516, 418])
(22, [127, 516])
(22, [516, 140])
(22, [88, 87])
(22, [92, 427])
(22, [516, 708])
(22, [21, 19])
(22, [516, 76])
(22, [423, 191])
(23, [69, 121])
(23, [202, 111])
(23, [696, 736])
(23, [176, 121])
(23, [177, 728])
(23, [105, 104])
(23, [634, 114])
(23, [736, 70])
(23, [736, 493])
(23, [70, 70])
(23, [735, 197])
(23, [499, 246])
(23, [196, 114])
(23, [736, 729])
(23, [481, 736])
(23, [736, 489])
(23, [106, 114])
(23, [519, 70])
(23, [216, 114, 70])
(23, [736, 736])
(23, [726, 293])
(23, [69, 70])
(23, [526, 530, 224])
(23, [736, 234])
(23, [43, 92])
(23, [517, 197])
(23, [146, 144])
(23, [736, 738])
(24, [693, 612])
(24, [759, 766])
(24, [315, 274])
(24, [760, 774])
(24, [761, 612])
(24, [774, 759])
(24, [759, 761])
(24, [759, 425])
(24, [759, 767])
(24, [706, 635])
(24, [713, 774])
(24, [759, 274])
(24, [701, 613])
(24, [761, 535])
(24, [572, 766])
(24, [774, 766])
(24, [761, 725])
(24, [693, 759])
(24, [765, 320])
(24, [767, 760])
(25, [674, 676, 678])
(25, [528, 523])
(25, [528, 532])
(26, [316, 602])
(26, [327, 219])
(26, [332, 602])
(26, [265, 317, 311])
(26, [273, 267, 270])
(26, [204, 316, 315])
(26, [153, 218])
(26, [163, 602])
(26, [204, 316, 315, 316])
(26, [368, 438])
(26, [488, 335])
(26, [316, 280, 163])
(26, [439, 153, 218])
(26, [216, 602])
(26, [749, 316, 316, 337])
(26, [749, 316, 316])
(26, [277, 266])
(26, [280, 277])
(26, [602, 218])
(26, [749, 316, 316, 337, 316])
(26, [602, 316])
(27, [711, 693, 548])
(27, [641, 543])
(27, [183, 290, 305])
(27, [357, 140])
(27, [693, 339])
(27, [357, 118])
(27, [693, 369])
(27, [641, 13])
(27, [369, 339])
(27, [711, 564, 543])
(27, [332, 146])
(27, [693, 518])
(27, [693, 369])
(27, [693, 675])
(27, [693, 369])
(27, [693, 134])
(27, [693, 369])
(27, [140, 139])
(28, [623, 622, 616, 618, 382])
(28, [639, 643])
(28, [629, 624])
(28, [303, 620])
(28, [382, 380])
(28, [623, 622, 616, 618])
(28, [623, 621])
(28, [616, 609, 611])
(28, [303, 302])
(28, [303, 302])
(28, [623, 622, 616])
(28, [8, 623])
(28, [8, 623])
(28, [464, 470])
(28, [303, 302])
(29, [669, 676, 674])
(29, [669, 495])
(29, [669, 756, 669])
(29, [669, 260, 253])
(29, [588, 632, 604, 633, 669])
(29, [669, 690, 669])
(29, [179, 62, 67, 71])
(29, [669, 763, 585])
(29, [366, 669, 565, 121])
(29, [669, 669])
(29, [669, 668, 669])
(29, [669, 306])
(29, [226, 669, 179])
(29, [5, 669])
(29, [588, 632, 604, 633])
(29, [669, 674, 676])
(29, [669, 585, 179])
(29, [303, 271, 756])
(29, [669, 317, 314])
(29, [669, 260, 221])
(29, [328, 366, 669])
(29, [684, 507, 349])
(29, [179, 62, 67])
(29, [346, 207, 120, 221])
(29, [317, 669])
(29, [763, 669])
(29, [230, 337])
(29, [366, 669, 565])
(29, [312, 268])
(29, [340, 179])
(29, [669, 669])
(29, [328, 366, 669, 669])
(29, [669, 317, 314, 756])
(29, [179, 62, 67, 71, 179])
(29, [346, 207, 120])
(30, [284, 736])
(30, [47, 358])
(30, [66, 506, 316])
(30, [736, 751])
(30, [491, 316, 257])
(30, [736, 125])
(30, [736, 237, 316])
(30, [126, 358, 364])
(30, [142, 55, 53])
(30, [340, 316])
(30, [188, 242])
(30, [736, 745])
(30, [736, 501])
(31, [667, 271])
(31, [664, 110])
(31, [664, 268])
(31, [675, 771])
(31, [86, 97, 100])
(31, [550, 352, 129])
(31, [194, 130])
(31, [362, 127])
(31, [92, 97, 64])
(31, [678, 667])
(31, [52, 48])
(31, [678, 771])
(31, [137, 146, 200])
(31, [601, 138])
(32, [697, 737, 222])
(32, [184, 66])
(32, [737, 737])
(32, [737, 693, 737])
(32, [737, 697, 222])
(32, [737, 697])
(32, [108, 70])
(32, [693, 697, 737])
(32, [737, 693])
(32, [737, 697])
(32, [737, 108])
(32, [697, 737])
(32, [737, 697, 737])
(32, [184, 108])
(33, [716, 717])
(33, [673, 242])
(33, [746, 252])
(33, [717, 717])
(33, [763, 720, 717])
(34, [161, 157])
(34, [13, 24, 157])
(34, [9, 18])
(34, [17, 336])
(34, [322, 323])
(34, [596, 155])
(34, [206, 157])
(34, [157, 161])
(35, [242, 227])
(35, [287, 223])
(35, [232, 474])
(35, [287, 349])
(35, [290, 363])
(36, [33, 624, 619, 614, 443])
(36, [378, 669])
(36, [57, 60])
(36, [33, 624, 619])
(36, [33, 624, 619, 614, 443, 424])
(36, [33, 624, 619, 614])
(37, [426, 242, 244])
(37, [389, 430, 147])
(37, [705, 493])
(37, [147, 69, 493])
(37, [435, 248])
(37, [659, 244])
(37, [514, 424, 420])
(38, [330, 351, 686])
(38, [464, 583])
(38, [500, 543])
(38, [501, 330])
(39, [466, 460])
(39, [445, 415, 445])
(39, [415, 456, 686, 466])
(39, [466, 383, 394, 384, 416])
(39, [466, 445, 445])
(39, [461, 445, 637])
(39, [415, 456, 686])
(39, [445, 415])
(39, [466, 383, 394])
(39, [258, 445])
(39, [445, 415, 445])
(39, [697, 416])
(40, [276, 326])
(40, [589, 266, 275])
(40, [586, 369])
(40, [269, 479])
(40, [173, 311])
(40, [192, 275])
(41, [181, 609, 379])
(41, [609, 483])
(41, [609, 642])
(41, [462, 645])
(41, [609, 642])
(41, [609, 419])
(42, [148, 548])
(43, [511, 317])
(44, [209, 492])
(44, [569, 485, 486])
(44, [574, 209, 579])
(44, [67, 466])
(44, [581, 652])
(44, [546, 536])
(44, [646, 486])
(45, [279, 704, 588])
(45, [466, 441])
(45, [392, 466])
(45, [279, 704, 588, 671])
(45, [419, 392])
(46, [404, 406])
(46, [203, 202])
(46, [404, 555, 577])
(46, [458, 458, 405])
(47, [368, 670])
(47, [475, 732])
(48, [203, 375])
(49, [96, 73])
(49, [730, 290])
(49, [96, 73])
(49, [73, 90])
(49, [96, 73])
(49, [326, 85])
(49, [520, 484])
(49, [73, 133])
(50, [247, 242])
(50, [696, 247])
(50, [317, 271, 268])
(50, [223, 101])
(51, [310, 661, 483])
(51, [175, 257])
(51, [660, 295])
(52, [575, 571])
(52, [38, 38])
(53, [182, 704])
(54, [152, 242])
(54, [152, 242])
(55, [505, 146])
(55, [723, 521])
(55, [139, 531])
(55, [606, 647])
(56, [751, 230])
(57, [136, 95])
(57, [95, 78])
(57, [580, 95])
(57, [95, 87])
(57, [95, 501])
(57, [95, 141])
(57, [101, 582])
(57, [580, 95])
(57, [101, 95])
(57, [101, 95])
(57, [336, 95])
(57, [101, 95])
(57, [580, 46])
(57, [230, 348])
(57, [101, 95])
(58, [684, 412])
(59, [154, 551, 722])
(60, [608, 722])
(60, [263, 456])
(60, [326, 409])
(60, [665, 335])
(60, [360, 194])
(61, [479, 254, 229])
(61, [731, 728])
(61, [731, 254, 763])
(61, [311, 296])
(61, [479, 733])
(61, [731, 254, 763, 358, 773])
(61, [731, 773, 758, 178])
(61, [731, 479])
(61, [731, 254, 763, 358])
(61, [731, 773, 758])
(61, [697, 731, 709])
(61, [697, 731, 709, 731])
(61, [731, 733])
(61, [731, 254, 763, 358, 773, 241])
(62, [230, 230])
(62, [318, 271])
(62, [502, 511])
(62, [758, 276])
(62, [227, 244])
(62, [177, 61])
(62, [276, 154])
(62, [230, 318])
(62, [61, 230])
(62, [177, 318])
(63, [299, 759])
(63, [255, 297])
(63, [297, 255, 249])
(63, [270, 254, 300])
(63, [255, 297])
(63, [297, 299, 301])
(63, [302, 586])
(63, [254, 297])
(63, [255, 297])
(63, [266, 283])
(63, [748, 317])
(64, [603, 603])
(64, [390, 369, 361])
(64, [410, 479, 690])
(65, [481, 289])
(65, [185, 344])
(65, [186, 721])
(66, [227, 33, 44])
(67, [467, 581])
(68, [555, 570])
(69, [28, 44])
(69, [365, 364])
(69, [256, 254])
(69, [365, 364])
(69, [287, 287])
(69, [401, 287])
(70, [482, 291])
(70, [303, 338])
(70, [706, 479])
(70, [328, 286])
(70, [303, 482])
(71, [345, 755])
(71, [157, 268])
(71, [295, 288])
(72, [341, 311, 307])
(73, [94, 93])
(73, [99, 63])
(73, [73, 83, 87])
(73, [692, 689])
(73, [74, 75])
(73, [87, 92])
(74, [14, 472])
(74, [14, 2])
(75, [252, 133])
(75, [252, 80])
(75, [252, 63, 49])
(75, [254, 80])
(76, [276, 278])
(76, [235, 356])
(76, [475, 317])
(76, [238, 665])
(76, [316, 292, 244])
(76, [479, 350])
(76, [350, 231])
(76, [691, 741])
(77, [580, 516])
(78, [557, 445])
(78, [445, 423])
(78, [436, 427])
(78, [527, 411])
(78, [458, 456])
(78, [205, 445])
(78, [527, 445])
(79, [467, 353])
(79, [501, 180])
(80, [69, 109, 83])
(80, [321, 324])
(80, [128, 131, 132])
(80, [72, 73])
(80, [82, 97])
(81, [367, 367])
(81, [437, 437])
(81, [382, 437, 437])
(81, [437, 367])
(81, [440, 408])
(81, [437, 437])
(81, [437, 367])
(81, [437, 367])
(81, [367, 437])
(82, [149, 548])
(83, [471, 675])
(84, [276, 22])
(84, [635, 712])
(84, [638, 444])
(84, [635, 456])
(84, [447, 613])
(85, [81, 252])
(85, [477, 474])
(85, [77, 252])
(86, [683, 484])
(86, [464, 413])
(86, [391, 597])
(86, [68, 65])
(87, [242, 26])
(87, [92, 124])
(87, [242, 81])
(88, [325, 625, 258])
(88, [316, 315])
(88, [268, 315, 316])
(88, [320, 268])
(89, [469, 607])
(89, [461, 459])
(89, [217, 421])
(89, [617, 612])
(89, [428, 434])
(89, [468, 465, 463])
(90, [115, 115])
(90, [115, 257])
(90, [115, 29])
(90, [115, 117, 52])
(90, [139, 137])
(90, [55, 54, 53])
(91, [1, 697])
(0, [716, 718, 720, 744, 747, 342])
(0, [739, 688, 714, 739])
(0, [343, 762, 743, 704, 705])
(0, [674, 675])
(0, [568, 719, 714])
(0, [568, 375])
(0, [566, 554, 717, 714])
(0, [568, 566, 567])
(0, [716, 718, 720, 744, 747])
(0, [566, 554, 717])
(0, [716, 718, 720])
(0, [566, 554, 717, 714, 711, 319, 290, 316])
(0, [568, 719, 714, 714, 704, 480])
(0, [566, 554, 717, 714, 711])
(0, [343, 762, 743, 704])
(0, [739, 688, 714])
(0, [568, 719, 714, 714])
(0, [568, 719, 714, 714, 704])
(0, [716, 718, 720, 744])
(0, [682, 681])
(0, [566, 554, 717, 714, 711, 319, 290])
(1, [456, 457])
(2, [560, 556])
(2, [668, 753, 754])
(2, [754, 752])
(2, [753, 754])
(2, [754, 563, 559])
(2, [540, 537, 561])
(2, [754, 563, 556])
(2, [122, 559])
(2, [668, 548, 562])
(2, [102, 737, 752])
(2, [752, 754])
(2, [122, 754])
(2, [770, 754, 754])
(2, [754, 752])
(2, [754, 752])
(2, [754, 754])
(2, [737, 190, 22])
(2, [668, 548, 562, 559])
(2, [548, 558, 559, 561])
(2, [102, 754])
(2, [695, 537, 540])
(2, [737, 668])
(2, [769, 754])
(2, [737, 754, 101])
(2, [754, 752])
(2, [737, 754, 101, 737])
(2, [548, 558, 559])
(2, [754, 754])
(2, [737, 190, 22, 556])
(2, [675, 668, 556])
(2, [658, 754])
(2, [547, 548])
(2, [584, 582])
(2, [754, 563, 556, 537])
(2, [754, 556, 541])
(2, [102, 736, 754, 740])
(2, [668, 547])
(2, [537, 538])
(3, [33, 32])
(3, [707, 756])
(3, [34, 242])
(3, [57, 737, 536])
(3, [634, 57, 56, 59])
(3, [57, 737, 536, 543])
(3, [242, 189])
(3, [585, 672])
(3, [10, 151])
(3, [57, 56, 59])
(3, [110, 70, 65, 63])
(3, [242, 303])
(3, [34, 32])
(3, [634, 57, 56])
(3, [242, 110, 71])
(3, [242, 245])
(3, [530, 371])
(3, [737, 537])
(3, [211, 190, 187])
(3, [189, 191, 211])
(3, [110, 70, 65])
(3, [523, 697])
(3, [587, 242])
(3, [42, 251])
(3, [603, 604])
(3, [32, 31, 33])
(3, [44, 43])
(3, [759, 694])
(3, [694, 697])
(3, [32, 33])
(3, [585, 43])
(3, [189, 110])
(3, [110, 244])
(3, [634, 57, 56, 59, 32])
(4, [662, 663])
(5, [313, 463])
(5, [313, 516])
(5, [458, 417, 458])
(5, [513, 242])
(5, [463, 417, 463])
(5, [139, 463])
(5, [622, 380, 385])
(5, [27, 242])
(5, [458, 463])
(5, [574, 417])
(5, [422, 458])
(5, [458, 583, 458])
(5, [522, 463])
(5, [463, 242])
(5, [458, 458])
(5, [458, 631])
(5, [431, 313, 632])
(5, [385, 381])
(5, [463, 458, 458])
(5, [422, 463])
(5, [458, 458])
(5, [380, 242])
(5, [458, 630, 458])
(5, [417, 458])
(5, [444, 463])
(5, [442, 458])
(5, [458, 210])
(6, [357, 641])
(6, [357, 641])
(6, [140, 139])
(6, [357, 641])
(6, [357, 641])
(6, [146, 144, 134])
(6, [187, 357, 641])
(6, [641, 453, 393])
(6, [142, 146])
(6, [357, 641, 549])
(6, [357, 641, 545, 543])
(6, [759, 453, 23, 146])
(6, [357, 641])
(6, [357, 641])
(6, [357, 641])
(6, [328, 146, 265])
(6, [357, 525])
(6, [357, 641])
(6, [357, 641])
(6, [357, 641])
(6, [357, 641, 549])
(6, [357, 641, 545])
(6, [357, 453, 450])
(6, [357, 641])
(6, [357, 641])
(6, [357, 641])
(6, [357, 641])
(6, [357, 641])
(6, [357, 641])
(6, [549, 548])
(6, [357, 641])
(6, [357, 641])
(6, [357, 641])
(6, [582, 578, 518])
(6, [605, 187])
(6, [357, 641])
(6, [146, 135])
(6, [549, 521])
(6, [759, 453, 23, 146, 4])
(6, [357, 641, 15])
(6, [357, 641])
(6, [357, 641])
(6, [357, 641])
(6, [357, 641, 562, 520])
(6, [357, 641])
(6, [357, 641])
(6, [21, 453, 547, 545, 548])
(6, [357, 351])
(6, [357, 641])
(6, [357, 641])
(6, [357, 641, 578])
(6, [357, 641])
(6, [357, 641])
(6, [357, 549, 641])
(6, [357, 641, 140])
(6, [357, 641, 548])
(6, [357, 146])
(6, [146, 189])
(6, [759, 453, 23])
(6, [21, 453, 547])
(6, [357, 641])
(6, [641, 544])
(6, [549, 549, 532])
(6, [357, 641])
(6, [357, 641])
(7, [599, 585])
(8, [549, 520])
(8, [401, 399])
(8, [574, 396])
(8, [403, 402])
(8, [380, 395])
(8, [574, 744, 737])
(8, [574, 401])
(8, [574, 582])
(9, [80, 252])
(9, [376, 377])
(9, [80, 197, 259])
(9, [80, 79, 334, 333])
(9, [376, 334])
(9, [376, 377, 80])
(9, [376, 377, 80, 188])
(9, [552, 549, 377, 197, 120, 139])
(9, [377, 376])
(9, [552, 549, 377, 197, 120, 139, 336])
(9, [333, 334, 242, 290])
(9, [552, 549, 377, 197])
(9, [377, 334])
(9, [376, 377])
(9, [188, 707])
(9, [334, 259])
(9, [80, 230])
(9, [376, 377])
(9, [376, 377, 80])
(9, [377, 80])
(9, [230, 336, 498])
(9, [376, 377])
(9, [80, 265])
(9, [230, 230, 230])
(9, [80, 79, 334])
(9, [438, 296])
(9, [80, 268])
(9, [80, 334])
(9, [552, 549, 377, 197, 120])
(9, [187, 707, 479])
(9, [333, 334])
(9, [80, 268, 281, 268])
(9, [80, 268, 281])
(9, [333, 334, 242])
(9, [438, 334])
(10, [430, 7])
(10, [308, 254, 165])
(10, [308, 215, 165, 164, 308])
(10, [308, 220])
(10, [51, 215])
(10, [51, 215])
(10, [308, 309, 308])
(10, [308, 215, 165])
(10, [52, 215, 215])
(10, [69, 122])
(10, [254, 308])
(10, [308, 215, 165, 164, 308, 553])
(10, [51, 215])
(10, [51, 69, 103])
(10, [51, 215])
(11, [324, 238, 239])
(11, [133, 447, 658])
(11, [344, 759, 265])
(11, [447, 374])
(11, [447, 449])
(11, [447, 260])
(11, [449, 317])
(11, [354, 449])
(11, [447, 448, 227])
(11, [326, 449])
(11, [447, 227])
(11, [447, 448])
(11, [354, 598])
(11, [166, 150])
(11, [447, 473])
(11, [447, 449])
(11, [449, 227])
(11, [626, 449, 447])
(11, [324, 238, 239, 285])
(11, [449, 598])
(11, [447, 433, 600])
(11, [447, 449])
(11, [447, 449, 22])
(11, [665, 508])
(11, [447, 449])
(11, [449, 3])
(11, [447, 449])
(11, [318, 70, 265])
(11, [252, 449, 665, 598])
(11, [772, 763, 223])
(11, [698, 700, 160])
(11, [289, 316])
(11, [447, 763, 512])
(11, [354, 476, 227])
(11, [354, 447])
(11, [324, 447, 622])
(11, [447, 348])
(11, [345, 756])
(11, [447, 227])
(11, [511, 4])
(11, [4, 289])
(11, [252, 449, 665])
(11, [317, 260])
(11, [447, 449, 447])
(12, [158, 334, 289])
(12, [158, 258])
(12, [158, 625])
(12, [158, 334, 289, 595])
(13, [679, 40])
(13, [679, 36])
(13, [679, 307])
(13, [768, 37])
(13, [58, 139, 41])
(13, [85, 139, 143, 45])
(13, [677, 216])
(13, [35, 45])
(13, [679, 45])
(13, [85, 139, 143])
(13, [679, 45])
(14, [736, 12])
(14, [168, 168])
(14, [195, 25])
(14, [167, 11, 16])
(14, [167, 167])
(14, [169, 168, 20])
(14, [168, 139])
(14, [168, 139])
(14, [167, 179])
(14, [167, 139])
(14, [167, 9, 11])
(14, [0, 25])
(14, [736, 446])
(14, [168, 69])
(14, [168, 11])
(14, [179, 168, 25])
(15, [359, 627])
(15, [355, 637])
(15, [699, 242])
(15, [690, 759])
(15, [139, 209])
(15, [331, 612, 612])
(15, [354, 265])
(15, [193, 212, 209])
(15, [272, 269])
(15, [351, 586])
(15, [369, 326])
(15, [250, 192])
(15, [593, 119])
(15, [250, 212, 213])
(15, [509, 262])
(15, [354, 759])
(15, [242, 290])
(15, [354, 325])
(15, [759, 139])
(15, [240, 236, 521])
(15, [593, 119])
(15, [354, 250])
(15, [250, 192])
(15, [6, 208])
(15, [264, 369, 233])
(15, [329, 659, 228])
(15, [759, 500])
(15, [657, 620, 610])
(15, [764, 209, 510])
(15, [265, 659])
(15, [250, 212, 213, 192])
(15, [685, 646])
(15, [480, 480, 740])
(15, [659, 265, 232])
(15, [294, 261])
(16, [398, 407])
(17, [710, 444])
(17, [363, 748])
(17, [685, 640])
(17, [156, 159])
(17, [715, 763, 763])
(17, [363, 352])
(17, [273, 279])
(17, [244, 244])
(17, [573, 203])
(18, [736, 690])
(19, [649, 655])
(19, [737, 490])
(19, [653, 656, 647])
(19, [649, 648])
(19, [588, 503])
(20, [168, 494])
(20, [168, 242])
(20, [168, 171, 216])
(20, [123, 478])
(20, [168, 139])
(20, [168, 740, 746, 120])
(20, [123, 494])
(20, [168, 740, 746])
(20, [170, 478, 260])
(20, [497, 494])
(20, [139, 146])
(20, [168, 172])
(20, [187, 139, 146])
(20, [112, 520])
(21, [160, 363])
(21, [157, 160])
(22, [548, 98])
(22, [516, 564])
(22, [516, 418])
(22, [127, 516])
(22, [516, 140])
(22, [88, 87])
(22, [92, 427])
(22, [516, 708])
(22, [21, 19])
(22, [516, 76])
(22, [423, 191])
(23, [69, 121])
(23, [202, 111])
(23, [696, 736])
(23, [176, 121])
(23, [177, 728])
(23, [105, 104])
(23, [634, 114])
(23, [736, 70])
(23, [736, 493])
(23, [70, 70])
(23, [735, 197])
(23, [499, 246])
(23, [196, 114])
(23, [736, 729])
(23, [481, 736])
(23, [736, 489])
(23, [106, 114])
(23, [519, 70])
(23, [216, 114, 70])
(23, [736, 736])
(23, [726, 293])
(23, [69, 70])
(23, [526, 530, 224])
(23, [736, 234])
(23, [43, 92])
(23, [517, 197])
(23, [146, 144])
(23, [736, 738])
(24, [693, 612])
(24, [759, 766])
(24, [315, 274])
(24, [760, 774])
(24, [761, 612])
(24, [774, 759])
(24, [759, 761])
(24, [759, 425])
(24, [759, 767])
(24, [706, 635])
(24, [713, 774])
(24, [759, 274])
(24, [701, 613])
(24, [761, 535])
(24, [572, 766])
(24, [774, 766])
(24, [761, 725])
(24, [693, 759])
(24, [765, 320])
(24, [767, 760])
(25, [674, 676, 678])
(25, [528, 523])
(25, [528, 532])
(26, [316, 602])
(26, [327, 219])
(26, [332, 602])
(26, [265, 317, 311])
(26, [273, 267, 270])
(26, [204, 316, 315])
(26, [153, 218])
(26, [163, 602])
(26, [204, 316, 315, 316])
(26, [368, 438])
(26, [488, 335])
(26, [316, 280, 163])
(26, [439, 153, 218])
(26, [216, 602])
(26, [749, 316, 316, 337])
(26, [749, 316, 316])
(26, [277, 266])
(26, [280, 277])
(26, [602, 218])
(26, [749, 316, 316, 337, 316])
(26, [602, 316])
(27, [711, 693, 548])
(27, [641, 543])
(27, [183, 290, 305])
(27, [357, 140])
(27, [693, 339])
(27, [357, 118])
(27, [693, 369])
(27, [641, 13])
(27, [369, 339])
(27, [711, 564, 543])
(27, [332, 146])
(27, [693, 518])
(27, [693, 369])
(27, [693, 675])
(27, [693, 369])
(27, [693, 134])
(27, [693, 369])
(27, [140, 139])
(28, [623, 622, 616, 618, 382])
(28, [639, 643])
(28, [629, 624])
(28, [303, 620])
(28, [382, 380])
(28, [623, 622, 616, 618])
(28, [623, 621])
(28, [616, 609, 611])
(28, [303, 302])
(28, [303, 302])
(28, [623, 622, 616])
(28, [8, 623])
(28, [8, 623])
(28, [464, 470])
(28, [303, 302])
(29, [669, 676, 674])
(29, [669, 495])
(29, [669, 756, 669])
(29, [669, 260, 253])
(29, [588, 632, 604, 633, 669])
(29, [669, 690, 669])
(29, [179, 62, 67, 71])
(29, [669, 763, 585])
(29, [366, 669, 565, 121])
(29, [669, 669])
(29, [669, 668, 669])
(29, [669, 306])
(29, [226, 669, 179])
(29, [5, 669])
(29, [588, 632, 604, 633])
(29, [669, 674, 676])
(29, [669, 585, 179])
(29, [303, 271, 756])
(29, [669, 317, 314])
(29, [669, 260, 221])
(29, [328, 366, 669])
(29, [684, 507, 349])
(29, [179, 62, 67])
(29, [346, 207, 120, 221])
(29, [317, 669])
(29, [763, 669])
(29, [230, 337])
(29, [366, 669, 565])
(29, [312, 268])
(29, [340, 179])
(29, [669, 669])
(29, [328, 366, 669, 669])
(29, [669, 317, 314, 756])
(29, [179, 62, 67, 71, 179])
(29, [346, 207, 120])
(30, [284, 736])
(30, [47, 358])
(30, [66, 506, 316])
(30, [736, 751])
(30, [491, 316, 257])
(30, [736, 125])
(30, [736, 237, 316])
(30, [126, 358, 364])
(30, [142, 55, 53])
(30, [340, 316])
(30, [188, 242])
(30, [736, 745])
(30, [736, 501])
(31, [667, 271])
(31, [664, 110])
(31, [664, 268])
(31, [675, 771])
(31, [86, 97, 100])
(31, [550, 352, 129])
(31, [194, 130])
(31, [362, 127])
(31, [92, 97, 64])
(31, [678, 667])
(31, [52, 48])
(31, [678, 771])
(31, [137, 146, 200])
(31, [601, 138])
(32, [697, 737, 222])
(32, [184, 66])
(32, [737, 737])
(32, [737, 693, 737])
(32, [737, 697, 222])
(32, [737, 697])
(32, [108, 70])
(32, [693, 697, 737])
(32, [737, 693])
(32, [737, 697])
(32, [737, 108])
(32, [697, 737])
(32, [737, 697, 737])
(32, [184, 108])
(33, [716, 717])
(33, [673, 242])
(33, [746, 252])
(33, [717, 717])
(33, [763, 720, 717])
(34, [161, 157])
(34, [13, 24, 157])
(34, [9, 18])
(34, [17, 336])
(34, [322, 323])
(34, [596, 155])
(34, [206, 157])
(34, [157, 161])
(35, [242, 227])
(35, [287, 223])
(35, [232, 474])
(35, [287, 349])
(35, [290, 363])
(36, [33, 624, 619, 614, 443])
(36, [378, 669])
(36, [57, 60])
(36, [33, 624, 619])
(36, [33, 624, 619, 614, 443, 424])
(36, [33, 624, 619, 614])
(37, [426, 242, 244])
(37, [389, 430, 147])
(37, [705, 493])
(37, [147, 69, 493])
(37, [435, 248])
(37, [659, 244])
(37, [514, 424, 420])
(38, [330, 351, 686])
(38, [464, 583])
(38, [500, 543])
(38, [501, 330])
(39, [466, 460])
(39, [445, 415, 445])
(39, [415, 456, 686, 466])
(39, [466, 383, 394, 384, 416])
(39, [466, 445, 445])
(39, [461, 445, 637])
(39, [415, 456, 686])
(39, [445, 415])
(39, [466, 383, 394])
(39, [258, 445])
(39, [445, 415, 445])
(39, [697, 416])
(40, [276, 326])
(40, [589, 266, 275])
(40, [586, 369])
(40, [269, 479])
(40, [173, 311])
(40, [192, 275])
(41, [181, 609, 379])
(41, [609, 483])
(41, [609, 642])
(41, [462, 645])
(41, [609, 642])
(41, [609, 419])
(42, [148, 548])
(43, [511, 317])
(44, [209, 492])
(44, [569, 485, 486])
(44, [574, 209, 579])
(44, [67, 466])
(44, [581, 652])
(44, [546, 536])
(44, [646, 486])
(45, [279, 704, 588])
(45, [466, 441])
(45, [392, 466])
(45, [279, 704, 588, 671])
(45, [419, 392])
(46, [404, 406])
(46, [203, 202])
(46, [404, 555, 577])
(46, [458, 458, 405])
(47, [368, 670])
(47, [475, 732])
(48, [203, 375])
(49, [96, 73])
(49, [730, 290])
(49, [96, 73])
(49, [73, 90])
(49, [96, 73])
(49, [326, 85])
(49, [520, 484])
(49, [73, 133])
(50, [247, 242])
(50, [696, 247])
(50, [317, 271, 268])
(50, [223, 101])
(51, [310, 661, 483])
(51, [175, 257])
(51, [660, 295])
(52, [575, 571])
(52, [38, 38])
(53, [182, 704])
(54, [152, 242])
(54, [152, 242])
(55, [505, 146])
(55, [723, 521])
(55, [139, 531])
(55, [606, 647])
(56, [751, 230])
(57, [136, 95])
(57, [95, 78])
(57, [580, 95])
(57, [95, 87])
(57, [95, 501])
(57, [95, 141])
(57, [101, 582])
(57, [580, 95])
(57, [101, 95])
(57, [101, 95])
(57, [336, 95])
(57, [101, 95])
(57, [580, 46])
(57, [230, 348])
(57, [101, 95])
(58, [684, 412])
(59, [154, 551, 722])
(60, [608, 722])
(60, [263, 456])
(60, [326, 409])
(60, [665, 335])
(60, [360, 194])
(61, [479, 254, 229])
(61, [731, 728])
(61, [731, 254, 763])
(61, [311, 296])
(61, [479, 733])
(61, [731, 254, 763, 358, 773])
(61, [731, 773, 758, 178])
(61, [731, 479])
(61, [731, 254, 763, 358])
(61, [731, 773, 758])
(61, [697, 731, 709])
(61, [697, 731, 709, 731])
(61, [731, 733])
(61, [731, 254, 763, 358, 773, 241])
(62, [230, 230])
(62, [318, 271])
(62, [502, 511])
(62, [758, 276])
(62, [227, 244])
(62, [177, 61])
(62, [276, 154])
(62, [230, 318])
(62, [61, 230])
(62, [177, 318])
(63, [299, 759])
(63, [255, 297])
(63, [297, 255, 249])
(63, [270, 254, 300])
(63, [255, 297])
(63, [297, 299, 301])
(63, [302, 586])
(63, [254, 297])
(63, [255, 297])
(63, [266, 283])
(63, [748, 317])
(64, [603, 603])
(64, [390, 369, 361])
(64, [410, 479, 690])
(65, [481, 289])
(65, [185, 344])
(65, [186, 721])
(66, [227, 33, 44])
(67, [467, 581])
(68, [555, 570])
(69, [28, 44])
(69, [365, 364])
(69, [256, 254])
(69, [365, 364])
(69, [287, 287])
(69, [401, 287])
(70, [482, 291])
(70, [303, 338])
(70, [706, 479])
(70, [328, 286])
(70, [303, 482])
(71, [345, 755])
(71, [157, 268])
(71, [295, 288])
(72, [341, 311, 307])
(73, [94, 93])
(73, [99, 63])
(73, [73, 83, 87])
(73, [692, 689])
(73, [74, 75])
(73, [87, 92])
(74, [14, 472])
(74, [14, 2])
(75, [252, 133])
(75, [252, 80])
(75, [252, 63, 49])
(75, [254, 80])
(76, [276, 278])
(76, [235, 356])
(76, [475, 317])
(76, [238, 665])
(76, [316, 292, 244])
(76, [479, 350])
(76, [350, 231])
(76, [691, 741])
(77, [580, 516])
(78, [557, 445])
(78, [445, 423])
(78, [436, 427])
(78, [527, 411])
(78, [458, 456])
(78, [205, 445])
(78, [527, 445])
(79, [467, 353])
(79, [501, 180])
(80, [69, 109, 83])
(80, [321, 324])
(80, [128, 131, 132])
(80, [72, 73])
(80, [82, 97])
(81, [367, 367])
(81, [437, 437])
(81, [382, 437, 437])
(81, [437, 367])
(81, [440, 408])
(81, [437, 437])
(81, [437, 367])
(81, [437, 367])
(81, [367, 437])
(82, [149, 548])
(83, [471, 675])
(84, [276, 22])
(84, [635, 712])
(84, [638, 444])
(84, [635, 456])
(84, [447, 613])
(85, [81, 252])
(85, [477, 474])
(85, [77, 252])
(86, [683, 484])
(86, [464, 413])
(86, [391, 597])
(86, [68, 65])
(87, [242, 26])
(87, [92, 124])
(87, [242, 81])
(88, [325, 625, 258])
(88, [316, 315])
(88, [268, 315, 316])
(88, [320, 268])
(89, [469, 607])
(89, [461, 459])
(89, [217, 421])
(89, [617, 612])
(89, [428, 434])
(89, [468, 465, 463])
(90, [115, 115])
(90, [115, 257])
(90, [115, 29])
(90, [115, 117, 52])
(90, [139, 137])
(90, [55, 54, 53])
(91, [1, 697])
(0, [716, 718, 720, 744, 747, 342])
(0, [739, 688, 714, 739])
(0, [343, 762, 743, 704, 705])
(0, [674, 675])
(0, [568, 719, 714])
(0, [568, 375])
(0, [566, 554, 717, 714])
(0, [568, 566, 567])
(0, [716, 718, 720, 744, 747])
(0, [566, 554, 717])
(0, [716, 718, 720])
(0, [566, 554, 717, 714, 711, 319, 290, 316])
(0, [568, 719, 714, 714, 704, 480])
(0, [566, 554, 717, 714, 711])
(0, [343, 762, 743, 704])
(0, [739, 688, 714])
(0, [568, 719, 714, 714])
(0, [568, 719, 714, 714, 704])
(0, [716, 718, 720, 744])
(0, [682, 681])
(0, [566, 554, 717, 714, 711, 319, 290])
(1, [456, 457])
(2, [560, 556])
(2, [668, 753, 754])
(2, [754, 752])
(2, [753, 754])
(2, [754, 563, 559])
(2, [540, 537, 561])
(2, [754, 563, 556])
(2, [122, 559])
(2, [668, 548, 562])
(2, [102, 737, 752])
(2, [752, 754])
(2, [122, 754])
(2, [770, 754, 754])
(2, [754, 752])
(2, [754, 752])
(2, [754, 754])
(2, [737, 190, 22])
(2, [668, 548, 562, 559])
(2, [548, 558, 559, 561])
(2, [102, 754])
(2, [695, 537, 540])
(2, [737, 668])
(2, [769, 754])
(2, [737, 754, 101])
(2, [754, 752])
(2, [737, 754, 101, 737])
(2, [548, 558, 559])
(2, [754, 754])
(2, [737, 190, 22, 556])
(2, [675, 668, 556])
(2, [658, 754])
(2, [547, 548])
(2, [584, 582])
(2, [754, 563, 556, 537])
(2, [754, 556, 541])
(2, [102, 736, 754, 740])
(2, [668, 547])
(2, [537, 538])
(3, [33, 32])
(3, [707, 756])
(3, [34, 242])
(3, [57, 737, 536])
(3, [634, 57, 56, 59])
(3, [57, 737, 536, 543])
(3, [242, 189])
(3, [585, 672])
(3, [10, 151])
(3, [57, 56, 59])
(3, [110, 70, 65, 63])
(3, [242, 303])
(3, [34, 32])
(3, [634, 57, 56])
(3, [242, 110, 71])
(3, [242, 245])
(3, [530, 371])
(3, [737, 537])
(3, [211, 190, 187])
(3, [189, 191, 211])
(3, [110, 70, 65])
(3, [523, 697])
(3, [587, 242])
(3, [42, 251])
(3, [603, 604])
(3, [32, 31, 33])
(3, [44, 43])
(3, [759, 694])
(3, [694, 697])
(3, [32, 33])
(3, [585, 43])
(3, [189, 110])
(3, [110, 244])
(3, [634, 57, 56, 59, 32])
(4, [662, 663])
(5, [313, 463])
(5, [313, 516])
(5, [458, 417, 458])
(5, [513, 242])
(5, [463, 417, 463])
(5, [139, 463])
(5, [622, 380, 385])
(5, [27, 242])
(5, [458, 463])
(5, [574, 417])
(5, [422, 458])
(5, [458, 583, 458])
(5, [522, 463])
(5, [463, 242])
(5, [458, 458])
(5, [458, 631])
(5, [431, 313, 632])
(5, [385, 381])
(5, [463, 458, 458])
(5, [422, 463])
(5, [458, 458])
(5, [380, 242])
(5, [458, 630, 458])
(5, [417, 458])
(5, [444, 463])
(5, [442, 458])
(5, [458, 210])
(6, [357, 641])
(6, [357, 641])
(6, [140, 139])
(6, [357, 641])
(6, [357, 641])
(6, [146, 144, 134])
(6, [187, 357, 641])
(6, [641, 453, 393])
(6, [142, 146])
(6, [357, 641, 549])
(6, [357, 641, 545, 543])
(6, [759, 453, 23, 146])
(6, [357, 641])
(6, [357, 641])
(6, [357, 641])
(6, [328, 146, 265])
(6, [357, 525])
(6, [357, 641])
(6, [357, 641])
(6, [357, 641])
(6, [357, 641, 549])
(6, [357, 641, 545])
(6, [357, 453, 450])
(6, [357, 641])
(6, [357, 641])
(6, [357, 641])
(6, [357, 641])
(6, [357, 641])
(6, [357, 641])
(6, [549, 548])
(6, [357, 641])
(6, [357, 641])
(6, [357, 641])
(6, [582, 578, 518])
(6, [605, 187])
(6, [357, 641])
(6, [146, 135])
(6, [549, 521])
(6, [759, 453, 23, 146, 4])
(6, [357, 641, 15])
(6, [357, 641])
(6, [357, 641])
(6, [357, 641])
(6, [357, 641, 562, 520])
(6, [357, 641])
(6, [357, 641])
(6, [21, 453, 547, 545, 548])
(6, [357, 351])
(6, [357, 641])
(6, [357, 641])
(6, [357, 641, 578])
(6, [357, 641])
(6, [357, 641])
(6, [357, 549, 641])
(6, [357, 641, 140])
(6, [357, 641, 548])
(6, [357, 146])
(6, [146, 189])
(6, [759, 453, 23])
(6, [21, 453, 547])
(6, [357, 641])
(6, [641, 544])
(6, [549, 549, 532])
(6, [357, 641])
(6, [357, 641])
(7, [599, 585])
(8, [549, 520])
(8, [401, 399])
(8, [574, 396])
(8, [403, 402])
(8, [380, 395])
(8, [574, 744, 737])
(8, [574, 401])
(8, [574, 582])
(9, [80, 252])
(9, [376, 377])
(9, [80, 197, 259])
(9, [80, 79, 334, 333])
(9, [376, 334])
(9, [376, 377, 80])
(9, [376, 377, 80, 188])
(9, [552, 549, 377, 197, 120, 139])
(9, [377, 376])
(9, [552, 549, 377, 197, 120, 139, 336])
(9, [333, 334, 242, 290])
(9, [552, 549, 377, 197])
(9, [377, 334])
(9, [376, 377])
(9, [188, 707])
(9, [334, 259])
(9, [80, 230])
(9, [376, 377])
(9, [376, 377, 80])
(9, [377, 80])
(9, [230, 336, 498])
(9, [376, 377])
(9, [80, 265])
(9, [230, 230, 230])
(9, [80, 79, 334])
(9, [438, 296])
(9, [80, 268])
(9, [80, 334])
(9, [552, 549, 377, 197, 120])
(9, [187, 707, 479])
(9, [333, 334])
(9, [80, 268, 281, 268])
(9, [80, 268, 281])
(9, [333, 334, 242])
(9, [438, 334])
(10, [430, 7])
(10, [308, 254, 165])
(10, [308, 215, 165, 164, 308])
(10, [308, 220])
(10, [51, 215])
(10, [51, 215])
(10, [308, 309, 308])
(10, [308, 215, 165])
(10, [52, 215, 215])
(10, [69, 122])
(10, [254, 308])
(10, [308, 215, 165, 164, 308, 553])
(10, [51, 215])
(10, [51, 69, 103])
(10, [51, 215])
(11, [324, 238, 239])
(11, [133, 447, 658])
(11, [344, 759, 265])
(11, [447, 374])
(11, [447, 449])
(11, [447, 260])
(11, [449, 317])
(11, [354, 449])
(11, [447, 448, 227])
(11, [326, 449])
(11, [447, 227])
(11, [447, 448])
(11, [354, 598])
(11, [166, 150])
(11, [447, 473])
(11, [447, 449])
(11, [449, 227])
(11, [626, 449, 447])
(11, [324, 238, 239, 285])
(11, [449, 598])
(11, [447, 433, 600])
(11, [447, 449])
(11, [447, 449, 22])
(11, [665, 508])
(11, [447, 449])
(11, [449, 3])
(11, [447, 449])
(11, [318, 70, 265])
(11, [252, 449, 665, 598])
(11, [772, 763, 223])
(11, [698, 700, 160])
(11, [289, 316])
(11, [447, 763, 512])
(11, [354, 476, 227])
(11, [354, 447])
(11, [324, 447, 622])
(11, [447, 348])
(11, [345, 756])
(11, [447, 227])
(11, [511, 4])
(11, [4, 289])
(11, [252, 449, 665])
(11, [317, 260])
(11, [447, 449, 447])
(12, [158, 334, 289])
(12, [158, 258])
(12, [158, 625])
(12, [158, 334, 289, 595])
(13, [679, 40])
(13, [679, 36])
(13, [679, 307])
(13, [768, 37])
(13, [58, 139, 41])
(13, [85, 139, 143, 45])
(13, [677, 216])
(13, [35, 45])
(13, [679, 45])
(13, [85, 139, 143])
(13, [679, 45])
(14, [736, 12])
(14, [168, 168])
(14, [195, 25])
(14, [167, 11, 16])
(14, [167, 167])
(14, [169, 168, 20])
(14, [168, 139])
(14, [168, 139])
(14, [167, 179])
(14, [167, 139])
(14, [167, 9, 11])
(14, [0, 25])
(14, [736, 446])
(14, [168, 69])
(14, [168, 11])
(14, [179, 168, 25])
(15, [359, 627])
(15, [355, 637])
(15, [699, 242])
(15, [690, 759])
(15, [139, 209])
(15, [331, 612, 612])
(15, [354, 265])
(15, [193, 212, 209])
(15, [272, 269])
(15, [351, 586])
(15, [369, 326])
(15, [250, 192])
(15, [593, 119])
(15, [250, 212, 213])
(15, [509, 262])
(15, [354, 759])
(15, [242, 290])
(15, [354, 325])
(15, [759, 139])
(15, [240, 236, 521])
(15, [593, 119])
(15, [354, 250])
(15, [250, 192])
(15, [6, 208])
(15, [264, 369, 233])
(15, [329, 659, 228])
(15, [759, 500])
(15, [657, 620, 610])
(15, [764, 209, 510])
(15, [265, 659])
(15, [250, 212, 213, 192])
(15, [685, 646])
(15, [480, 480, 740])
(15, [659, 265, 232])
(15, [294, 261])
(16, [398, 407])
(17, [710, 444])
(17, [363, 748])
(17, [685, 640])
(17, [156, 159])
(17, [715, 763, 763])
(17, [363, 352])
(17, [273, 279])
(17, [244, 244])
(17, [573, 203])
(18, [736, 690])
(19, [649, 655])
(19, [737, 490])
(19, [653, 656, 647])
(19, [649, 648])
(19, [588, 503])
(20, [168, 494])
(20, [168, 242])
(20, [168, 171, 216])
(20, [123, 478])
(20, [168, 139])
(20, [168, 740, 746, 120])
(20, [123, 494])
(20, [168, 740, 746])
(20, [170, 478, 260])
(20, [497, 494])
(20, [139, 146])
(20, [168, 172])
(20, [187, 139, 146])
(20, [112, 520])
(21, [160, 363])
(21, [157, 160])
(22, [548, 98])
(22, [516, 564])
(22, [516, 418])
(22, [127, 516])
(22, [516, 140])
(22, [88, 87])
(22, [92, 427])
(22, [516, 708])
(22, [21, 19])
(22, [516, 76])
(22, [423, 191])
(23, [69, 121])
(23, [202, 111])
(23, [696, 736])
(23, [176, 121])
(23, [177, 728])
(23, [105, 104])
(23, [634, 114])
(23, [736, 70])
(23, [736, 493])
(23, [70, 70])
(23, [735, 197])
(23, [499, 246])
(23, [196, 114])
(23, [736, 729])
(23, [481, 736])
(23, [736, 489])
(23, [106, 114])
(23, [519, 70])
(23, [216, 114, 70])
(23, [736, 736])
(23, [726, 293])
(23, [69, 70])
(23, [526, 530, 224])
(23, [736, 234])
(23, [43, 92])
(23, [517, 197])
(23, [146, 144])
(23, [736, 738])
(24, [693, 612])
(24, [759, 766])
(24, [315, 274])
(24, [760, 774])
(24, [761, 612])
(24, [774, 759])
(24, [759, 761])
(24, [759, 425])
(24, [759, 767])
(24, [706, 635])
(24, [713, 774])
(24, [759, 274])
(24, [701, 613])
(24, [761, 535])
(24, [572, 766])
(24, [774, 766])
(24, [761, 725])
(24, [693, 759])
(24, [765, 320])
(24, [767, 760])
(25, [674, 676, 678])
(25, [528, 523])
(25, [528, 532])
(26, [316, 602])
(26, [327, 219])
(26, [332, 602])
(26, [265, 317, 311])
(26, [273, 267, 270])
(26, [204, 316, 315])
(26, [153, 218])
(26, [163, 602])
(26, [204, 316, 315, 316])
(26, [368, 438])
(26, [488, 335])
(26, [316, 280, 163])
(26, [439, 153, 218])
(26, [216, 602])
(26, [749, 316, 316, 337])
(26, [749, 316, 316])
(26, [277, 266])
(26, [280, 277])
(26, [602, 218])
(26, [749, 316, 316, 337, 316])
(26, [602, 316])
(27, [711, 693, 548])
(27, [641, 543])
(27, [183, 290, 305])
(27, [357, 140])
(27, [693, 339])
(27, [357, 118])
(27, [693, 369])
(27, [641, 13])
(27, [369, 339])
(27, [711, 564, 543])
(27, [332, 146])
(27, [693, 518])
(27, [693, 369])
(27, [693, 675])
(27, [693, 369])
(27, [693, 134])
(27, [693, 369])
(27, [140, 139])
(28, [623, 622, 616, 618, 382])
(28, [639, 643])
(28, [629, 624])
(28, [303, 620])
(28, [382, 380])
(28, [623, 622, 616, 618])
(28, [623, 621])
(28, [616, 609, 611])
(28, [303, 302])
(28, [303, 302])
(28, [623, 622, 616])
(28, [8, 623])
(28, [8, 623])
(28, [464, 470])
(28, [303, 302])
(29, [669, 676, 674])
(29, [669, 495])
(29, [669, 756, 669])
(29, [669, 260, 253])
(29, [588, 632, 604, 633, 669])
(29, [669, 690, 669])
(29, [179, 62, 67, 71])
(29, [669, 763, 585])
(29, [366, 669, 565, 121])
(29, [669, 669])
(29, [669, 668, 669])
(29, [669, 306])
(29, [226, 669, 179])
(29, [5, 669])
(29, [588, 632, 604, 633])
(29, [669, 674, 676])
(29, [669, 585, 179])
(29, [303, 271, 756])
(29, [669, 317, 314])
(29, [669, 260, 221])
(29, [328, 366, 669])
(29, [684, 507, 349])
(29, [179, 62, 67])
(29, [346, 207, 120, 221])
(29, [317, 669])
(29, [763, 669])
(29, [230, 337])
(29, [366, 669, 565])
(29, [312, 268])
(29, [340, 179])
(29, [669, 669])
(29, [328, 366, 669, 669])
(29, [669, 317, 314, 756])
(29, [179, 62, 67, 71, 179])
(29, [346, 207, 120])
(30, [284, 736])
(30, [47, 358])
(30, [66, 506, 316])
(30, [736, 751])
(30, [491, 316, 257])
(30, [736, 125])
(30, [736, 237, 316])
(30, [126, 358, 364])
(30, [142, 55, 53])
(30, [340, 316])
(30, [188, 242])
(30, [736, 745])
(30, [736, 501])
(31, [667, 271])
(31, [664, 110])
(31, [664, 268])
(31, [675, 771])
(31, [86, 97, 100])
(31, [550, 352, 129])
(31, [194, 130])
(31, [362, 127])
(31, [92, 97, 64])
(31, [678, 667])
(31, [52, 48])
(31, [678, 771])
(31, [137, 146, 200])
(31, [601, 138])
(32, [697, 737, 222])
(32, [184, 66])
(32, [737, 737])
(32, [737, 693, 737])
(32, [737, 697, 222])
(32, [737, 697])
(32, [108, 70])
(32, [693, 697, 737])
(32, [737, 693])
(32, [737, 697])
(32, [737, 108])
(32, [697, 737])
(32, [737, 697, 737])
(32, [184, 108])
(33, [716, 717])
(33, [673, 242])
(33, [746, 252])
(33, [717, 717])
(33, [763, 720, 717])
(34, [161, 157])
(34, [13, 24, 157])
(34, [9, 18])
(34, [17, 336])
(34, [322, 323])
(34, [596, 155])
(34, [206, 157])
(34, [157, 161])
(35, [242, 227])
(35, [287, 223])
(35, [232, 474])
(35, [287, 349])
(35, [290, 363])
(36, [33, 624, 619, 614, 443])
(36, [378, 669])
(36, [57, 60])
(36, [33, 624, 619])
(36, [33, 624, 619, 614, 443, 424])
(36, [33, 624, 619, 614])
(37, [426, 242, 244])
(37, [389, 430, 147])
(37, [705, 493])
(37, [147, 69, 493])
(37, [435, 248])
(37, [659, 244])
(37, [514, 424, 420])
(38, [330, 351, 686])
(38, [464, 583])
(38, [500, 543])
(38, [501, 330])
(39, [466, 460])
(39, [445, 415, 445])
(39, [415, 456, 686, 466])
(39, [466, 383, 394, 384, 416])
(39, [466, 445, 445])
(39, [461, 445, 637])
(39, [415, 456, 686])
(39, [445, 415])
(39, [466, 383, 394])
(39, [258, 445])
(39, [445, 415, 445])
(39, [697, 416])
(40, [276, 326])
(40, [589, 266, 275])
(40, [586, 369])
(40, [269, 479])
(40, [173, 311])
(40, [192, 275])
(41, [181, 609, 379])
(41, [609, 483])
(41, [609, 642])
(41, [462, 645])
(41, [609, 642])
(41, [609, 419])
(42, [148, 548])
(43, [511, 317])
(44, [209, 492])
(44, [569, 485, 486])
(44, [574, 209, 579])
(44, [67, 466])
(44, [581, 652])
(44, [546, 536])
(44, [646, 486])
(45, [279, 704, 588])
(45, [466, 441])
(45, [392, 466])
(45, [279, 704, 588, 671])
(45, [419, 392])
(46, [404, 406])
(46, [203, 202])
(46, [404, 555, 577])
(46, [458, 458, 405])
(47, [368, 670])
(47, [475, 732])
(48, [203, 375])
(49, [96, 73])
(49, [730, 290])
(49, [96, 73])
(49, [73, 90])
(49, [96, 73])
(49, [326, 85])
(49, [520, 484])
(49, [73, 133])
(50, [247, 242])
(50, [696, 247])
(50, [317, 271, 268])
(50, [223, 101])
(51, [310, 661, 483])
(51, [175, 257])
(51, [660, 295])
(52, [575, 571])
(52, [38, 38])
(53, [182, 704])
(54, [152, 242])
(54, [152, 242])
(55, [505, 146])
(55, [723, 521])
(55, [139, 531])
(55, [606, 647])
(56, [751, 230])
(57, [136, 95])
(57, [95, 78])
(57, [580, 95])
(57, [95, 87])
(57, [95, 501])
(57, [95, 141])
(57, [101, 582])
(57, [580, 95])
(57, [101, 95])
(57, [101, 95])
(57, [336, 95])
(57, [101, 95])
(57, [580, 46])
(57, [230, 348])
(57, [101, 95])
(58, [684, 412])
(59, [154, 551, 722])
(60, [608, 722])
(60, [263, 456])
(60, [326, 409])
(60, [665, 335])
(60, [360, 194])
(61, [479, 254, 229])
(61, [731, 728])
(61, [731, 254, 763])
(61, [311, 296])
(61, [479, 733])
(61, [731, 254, 763, 358, 773])
(61, [731, 773, 758, 178])
(61, [731, 479])
(61, [731, 254, 763, 358])
(61, [731, 773, 758])
(61, [697, 731, 709])
(61, [697, 731, 709, 731])
(61, [731, 733])
(61, [731, 254, 763, 358, 773, 241])
(62, [230, 230])
(62, [318, 271])
(62, [502, 511])
(62, [758, 276])
(62, [227, 244])
(62, [177, 61])
(62, [276, 154])
(62, [230, 318])
(62, [61, 230])
(62, [177, 318])
(63, [299, 759])
(63, [255, 297])
(63, [297, 255, 249])
(63, [270, 254, 300])
(63, [255, 297])
(63, [297, 299, 301])
(63, [302, 586])
(63, [254, 297])
(63, [255, 297])
(63, [266, 283])
(63, [748, 317])
(64, [603, 603])
(64, [390, 369, 361])
(64, [410, 479, 690])
(65, [481, 289])
(65, [185, 344])
(65, [186, 721])
(66, [227, 33, 44])
(67, [467, 581])
(68, [555, 570])
(69, [28, 44])
(69, [365, 364])
(69, [256, 254])
(69, [365, 364])
(69, [287, 287])
(69, [401, 287])
(70, [482, 291])
(70, [303, 338])
(70, [706, 479])
(70, [328, 286])
(70, [303, 482])
(71, [345, 755])
(71, [157, 268])
(71, [295, 288])
(72, [341, 311, 307])
(73, [94, 93])
(73, [99, 63])
(73, [73, 83, 87])
(73, [692, 689])
(73, [74, 75])
(73, [87, 92])
(74, [14, 472])
(74, [14, 2])
(75, [252, 133])
(75, [252, 80])
(75, [252, 63, 49])
(75, [254, 80])
(76, [276, 278])
(76, [235, 356])
(76, [475, 317])
(76, [238, 665])
(76, [316, 292, 244])
(76, [479, 350])
(76, [350, 231])
(76, [691, 741])
(77, [580, 516])
(78, [557, 445])
(78, [445, 423])
(78, [436, 427])
(78, [527, 411])
(78, [458, 456])
(78, [205, 445])
(78, [527, 445])
(79, [467, 353])
(79, [501, 180])
(80, [69, 109, 83])
(80, [321, 324])
(80, [128, 131, 132])
(80, [72, 73])
(80, [82, 97])
(81, [367, 367])
(81, [437, 437])
(81, [382, 437, 437])
(81, [437, 367])
(81, [440, 408])
(81, [437, 437])
(81, [437, 367])
(81, [437, 367])
(81, [367, 437])
(82, [149, 548])
(83, [471, 675])
(84, [276, 22])
(84, [635, 712])
(84, [638, 444])
(84, [635, 456])
(84, [447, 613])
(85, [81, 252])
(85, [477, 474])
(85, [77, 252])
(86, [683, 484])
(86, [464, 413])
(86, [391, 597])
(86, [68, 65])
(87, [242, 26])
(87, [92, 124])
(87, [242, 81])
(88, [325, 625, 258])
(88, [316, 315])
(88, [268, 315, 316])
(88, [320, 268])
(89, [469, 607])
(89, [461, 459])
(89, [217, 421])
(89, [617, 612])
(89, [428, 434])
(89, [468, 465, 463])
(90, [115, 115])
(90, [115, 257])
(90, [115, 29])
(90, [115, 117, 52])
(90, [139, 137])
(90, [55, 54, 53])
(91, [1, 697])
(0, [716, 718, 720, 744, 747, 342])
(0, [739, 688, 714, 739])
(0, [343, 762, 743, 704, 705])
(0, [674, 675])
(0, [568, 719, 714])
(0, [568, 375])
(0, [566, 554, 717, 714])
(0, [568, 566, 567])
(0, [716, 718, 720, 744, 747])
(0, [566, 554, 717])
(0, [716, 718, 720])
(0, [566, 554, 717, 714, 711, 319, 290, 316])
(0, [568, 719, 714, 714, 704, 480])
(0, [566, 554, 717, 714, 711])
(0, [343, 762, 743, 704])
(0, [739, 688, 714])
(0, [568, 719, 714, 714])
(0, [568, 719, 714, 714, 704])
(0, [716, 718, 720, 744])
(0, [682, 681])
(0, [566, 554, 717, 714, 711, 319, 290])
(1, [456, 457])
(2, [560, 556])
(2, [668, 753, 754])
(2, [754, 752])
(2, [753, 754])
(2, [754, 563, 559])
(2, [540, 537, 561])
(2, [754, 563, 556])
(2, [122, 559])
(2, [668, 548, 562])
(2, [102, 737, 752])
(2, [752, 754])
(2, [122, 754])
(2, [770, 754, 754])
(2, [754, 752])
(2, [754, 752])
(2, [754, 754])
(2, [737, 190, 22])
(2, [668, 548, 562, 559])
(2, [548, 558, 559, 561])
(2, [102, 754])
(2, [695, 537, 540])
(2, [737, 668])
(2, [769, 754])
(2, [737, 754, 101])
(2, [754, 752])
(2, [737, 754, 101, 737])
(2, [548, 558, 559])
(2, [754, 754])
(2, [737, 190, 22, 556])
(2, [675, 668, 556])
(2, [658, 754])
(2, [547, 548])
(2, [584, 582])
(2, [754, 563, 556, 537])
(2, [754, 556, 541])
(2, [102, 736, 754, 740])
(2, [668, 547])
(2, [537, 538])
(3, [33, 32])
(3, [707, 756])
(3, [34, 242])
(3, [57, 737, 536])
(3, [634, 57, 56, 59])
(3, [57, 737, 536, 543])
(3, [242, 189])
(3, [585, 672])
(3, [10, 151])
(3, [57, 56, 59])
(3, [110, 70, 65, 63])
(3, [242, 303])
(3, [34, 32])
(3, [634, 57, 56])
(3, [242, 110, 71])
(3, [242, 245])
(3, [530, 371])
(3, [737, 537])
(3, [211, 190, 187])
(3, [189, 191, 211])
(3, [110, 70, 65])
(3, [523, 697])
(3, [587, 242])
(3, [42, 251])
(3, [603, 604])
(3, [32, 31, 33])
(3, [44, 43])
(3, [759, 694])
(3, [694, 697])
(3, [32, 33])
(3, [585, 43])
(3, [189, 110])
(3, [110, 244])
(3, [634, 57, 56, 59, 32])
(4, [662, 663])
(5, [313, 463])
(5, [313, 516])
(5, [458, 417, 458])
(5, [513, 242])
(5, [463, 417, 463])
(5, [139, 463])
(5, [622, 380, 385])
(5, [27, 242])
(5, [458, 463])
(5, [574, 417])
(5, [422, 458])
(5, [458, 583, 458])
(5, [522, 463])
(5, [463, 242])
(5, [458, 458])
(5, [458, 631])
(5, [431, 313, 632])
(5, [385, 381])
(5, [463, 458, 458])
(5, [422, 463])
(5, [458, 458])
(5, [380, 242])
(5, [458, 630, 458])
(5, [417, 458])
(5, [444, 463])
(5, [442, 458])
(5, [458, 210])
(6, [357, 641])
(6, [357, 641])
(6, [140, 139])
(6, [357, 641])
(6, [357, 641])
(6, [146, 144, 134])
(6, [187, 357, 641])
(6, [641, 453, 393])
(6, [142, 146])
(6, [357, 641, 549])
(6, [357, 641, 545, 543])
(6, [759, 453, 23, 146])
(6, [357, 641])
(6, [357, 641])
(6, [357, 641])
(6, [328, 146, 265])
(6, [357, 525])
(6, [357, 641])
(6, [357, 641])
(6, [357, 641])
(6, [357, 641, 549])
(6, [357, 641, 545])
(6, [357, 453, 450])
(6, [357, 641])
(6, [357, 641])
(6, [357, 641])
(6, [357, 641])
(6, [357, 641])
(6, [357, 641])
(6, [549, 548])
(6, [357, 641])
(6, [357, 641])
(6, [357, 641])
(6, [582, 578, 518])
(6, [605, 187])
(6, [357, 641])
(6, [146, 135])
(6, [549, 521])
(6, [759, 453, 23, 146, 4])
(6, [357, 641, 15])
(6, [357, 641])
(6, [357, 641])
(6, [357, 641])
(6, [357, 641, 562, 520])
(6, [357, 641])
(6, [357, 641])
(6, [21, 453, 547, 545, 548])
(6, [357, 351])
(6, [357, 641])
(6, [357, 641])
(6, [357, 641, 578])
(6, [357, 641])
(6, [357, 641])
(6, [357, 549, 641])
(6, [357, 641, 140])
(6, [357, 641, 548])
(6, [357, 146])
(6, [146, 189])
(6, [759, 453, 23])
(6, [21, 453, 547])
(6, [357, 641])
(6, [641, 544])
(6, [549, 549, 532])
(6, [357, 641])
(6, [357, 641])
(7, [599, 585])
(8, [549, 520])
(8, [401, 399])
(8, [574, 396])
(8, [403, 402])
(8, [380, 395])
(8, [574, 744, 737])
(8, [574, 401])
(8, [574, 582])
(9, [80, 252])
(9, [376, 377])
(9, [80, 197, 259])
(9, [80, 79, 334, 333])
(9, [376, 334])
(9, [376, 377, 80])
(9, [376, 377, 80, 188])
(9, [552, 549, 377, 197, 120, 139])
(9, [377, 376])
(9, [552, 549, 377, 197, 120, 139, 336])
(9, [333, 334, 242, 290])
(9, [552, 549, 377, 197])
(9, [377, 334])
(9, [376, 377])
(9, [188, 707])
(9, [334, 259])
(9, [80, 230])
(9, [376, 377])
(9, [376, 377, 80])
(9, [377, 80])
(9, [230, 336, 498])
(9, [376, 377])
(9, [80, 265])
(9, [230, 230, 230])
(9, [80, 79, 334])
(9, [438, 296])
(9, [80, 268])
(9, [80, 334])
(9, [552, 549, 377, 197, 120])
(9, [187, 707, 479])
(9, [333, 334])
(9, [80, 268, 281, 268])
(9, [80, 268, 281])
(9, [333, 334, 242])
(9, [438, 334])
(10, [430, 7])
(10, [308, 254, 165])
(10, [308, 215, 165, 164, 308])
(10, [308, 220])
(10, [51, 215])
(10, [51, 215])
(10, [308, 309, 308])
(10, [308, 215, 165])
(10, [52, 215, 215])
(10, [69, 122])
(10, [254, 308])
(10, [308, 215, 165, 164, 308, 553])
(10, [51, 215])
(10, [51, 69, 103])
(10, [51, 215])
(11, [324, 238, 239])
(11, [133, 447, 658])
(11, [344, 759, 265])
(11, [447, 374])
(11, [447, 449])
(11, [447, 260])
(11, [449, 317])
(11, [354, 449])
(11, [447, 448, 227])
(11, [326, 449])
(11, [447, 227])
(11, [447, 448])
(11, [354, 598])
(11, [166, 150])
(11, [447, 473])
(11, [447, 449])
(11, [449, 227])
(11, [626, 449, 447])
(11, [324, 238, 239, 285])
(11, [449, 598])
(11, [447, 433, 600])
(11, [447, 449])
(11, [447, 449, 22])
(11, [665, 508])
(11, [447, 449])
(11, [449, 3])
(11, [447, 449])
(11, [318, 70, 265])
(11, [252, 449, 665, 598])
(11, [772, 763, 223])
(11, [698, 700, 160])
(11, [289, 316])
(11, [447, 763, 512])
(11, [354, 476, 227])
(11, [354, 447])
(11, [324, 447, 622])
(11, [447, 348])
(11, [345, 756])
(11, [447, 227])
(11, [511, 4])
(11, [4, 289])
(11, [252, 449, 665])
(11, [317, 260])
(11, [447, 449, 447])
(12, [158, 334, 289])
(12, [158, 258])
(12, [158, 625])
(12, [158, 334, 289, 595])
(13, [679, 40])
(13, [679, 36])
(13, [679, 307])
(13, [768, 37])
(13, [58, 139, 41])
(13, [85, 139, 143, 45])
(13, [677, 216])
(13, [35, 45])
(13, [679, 45])
(13, [85, 139, 143])
(13, [679, 45])
(14, [736, 12])
(14, [168, 168])
(14, [195, 25])
(14, [167, 11, 16])
(14, [167, 167])
(14, [169, 168, 20])
(14, [168, 139])
(14, [168, 139])
(14, [167, 179])
(14, [167, 139])
(14, [167, 9, 11])
(14, [0, 25])
(14, [736, 446])
(14, [168, 69])
(14, [168, 11])
(14, [179, 168, 25])
(15, [359, 627])
(15, [355, 637])
(15, [699, 242])
(15, [690, 759])
(15, [139, 209])
(15, [331, 612, 612])
(15, [354, 265])
(15, [193, 212, 209])
(15, [272, 269])
(15, [351, 586])
(15, [369, 326])
(15, [250, 192])
(15, [593, 119])
(15, [250, 212, 213])
(15, [509, 262])
(15, [354, 759])
(15, [242, 290])
(15, [354, 325])
(15, [759, 139])
(15, [240, 236, 521])
(15, [593, 119])
(15, [354, 250])
(15, [250, 192])
(15, [6, 208])
(15, [264, 369, 233])
(15, [329, 659, 228])
(15, [759, 500])
(15, [657, 620, 610])
(15, [764, 209, 510])
(15, [265, 659])
(15, [250, 212, 213, 192])
(15, [685, 646])
(15, [480, 480, 740])
(15, [659, 265, 232])
(15, [294, 261])
(16, [398, 407])
(17, [710, 444])
(17, [363, 748])
(17, [685, 640])
(17, [156, 159])
(17, [715, 763, 763])
(17, [363, 352])
(17, [273, 279])
(17, [244, 244])
(17, [573, 203])
(18, [736, 690])
(19, [649, 655])
(19, [737, 490])
(19, [653, 656, 647])
(19, [649, 648])
(19, [588, 503])
(20, [168, 494])
(20, [168, 242])
(20, [168, 171, 216])
(20, [123, 478])
(20, [168, 139])
(20, [168, 740, 746, 120])
(20, [123, 494])
(20, [168, 740, 746])
(20, [170, 478, 260])
(20, [497, 494])
(20, [139, 146])
(20, [168, 172])
(20, [187, 139, 146])
(20, [112, 520])
(21, [160, 363])
(21, [157, 160])
(22, [548, 98])
(22, [516, 564])
(22, [516, 418])
(22, [127, 516])
(22, [516, 140])
(22, [88, 87])
(22, [92, 427])
(22, [516, 708])
(22, [21, 19])
(22, [516, 76])
(22, [423, 191])
(23, [69, 121])
(23, [202, 111])
(23, [696, 736])
(23, [176, 121])
(23, [177, 728])
(23, [105, 104])
(23, [634, 114])
(23, [736, 70])
(23, [736, 493])
(23, [70, 70])
(23, [735, 197])
(23, [499, 246])
(23, [196, 114])
(23, [736, 729])
(23, [481, 736])
(23, [736, 489])
(23, [106, 114])
(23, [519, 70])
(23, [216, 114, 70])
(23, [736, 736])
(23, [726, 293])
(23, [69, 70])
(23, [526, 530, 224])
(23, [736, 234])
(23, [43, 92])
(23, [517, 197])
(23, [146, 144])
(23, [736, 738])
(24, [693, 612])
(24, [759, 766])
(24, [315, 274])
(24, [760, 774])
(24, [761, 612])
(24, [774, 759])
(24, [759, 761])
(24, [759, 425])
(24, [759, 767])
(24, [706, 635])
(24, [713, 774])
(24, [759, 274])
(24, [701, 613])
(24, [761, 535])
(24, [572, 766])
(24, [774, 766])
(24, [761, 725])
(24, [693, 759])
(24, [765, 320])
(24, [767, 760])
(25, [674, 676, 678])
(25, [528, 523])
(25, [528, 532])
(26, [316, 602])
(26, [327, 219])
(26, [332, 602])
(26, [265, 317, 311])
(26, [273, 267, 270])
(26, [204, 316, 315])
(26, [153, 218])
(26, [163, 602])
(26, [204, 316, 315, 316])
(26, [368, 438])
(26, [488, 335])
(26, [316, 280, 163])
(26, [439, 153, 218])
(26, [216, 602])
(26, [749, 316, 316, 337])
(26, [749, 316, 316])
(26, [277, 266])
(26, [280, 277])
(26, [602, 218])
(26, [749, 316, 316, 337, 316])
(26, [602, 316])
(27, [711, 693, 548])
(27, [641, 543])
(27, [183, 290, 305])
(27, [357, 140])
(27, [693, 339])
(27, [357, 118])
(27, [693, 369])
(27, [641, 13])
(27, [369, 339])
(27, [711, 564, 543])
(27, [332, 146])
(27, [693, 518])
(27, [693, 369])
(27, [693, 675])
(27, [693, 369])
(27, [693, 134])
(27, [693, 369])
(27, [140, 139])
(28, [623, 622, 616, 618, 382])
(28, [639, 643])
(28, [629, 624])
(28, [303, 620])
(28, [382, 380])
(28, [623, 622, 616, 618])
(28, [623, 621])
(28, [616, 609, 611])
(28, [303, 302])
(28, [303, 302])
(28, [623, 622, 616])
(28, [8, 623])
(28, [8, 623])
(28, [464, 470])
(28, [303, 302])
(29, [669, 676, 674])
(29, [669, 495])
(29, [669, 756, 669])
(29, [669, 260, 253])
(29, [588, 632, 604, 633, 669])
(29, [669, 690, 669])
(29, [179, 62, 67, 71])
(29, [669, 763, 585])
(29, [366, 669, 565, 121])
(29, [669, 669])
(29, [669, 668, 669])
(29, [669, 306])
(29, [226, 669, 179])
(29, [5, 669])
(29, [588, 632, 604, 633])
(29, [669, 674, 676])
(29, [669, 585, 179])
(29, [303, 271, 756])
(29, [669, 317, 314])
(29, [669, 260, 221])
(29, [328, 366, 669])
(29, [684, 507, 349])
(29, [179, 62, 67])
(29, [346, 207, 120, 221])
(29, [317, 669])
(29, [763, 669])
(29, [230, 337])
(29, [366, 669, 565])
(29, [312, 268])
(29, [340, 179])
(29, [669, 669])
(29, [328, 366, 669, 669])
(29, [669, 317, 314, 756])
(29, [179, 62, 67, 71, 179])
(29, [346, 207, 120])
(30, [284, 736])
(30, [47, 358])
(30, [66, 506, 316])
(30, [736, 751])
(30, [491, 316, 257])
(30, [736, 125])
(30, [736, 237, 316])
(30, [126, 358, 364])
(30, [142, 55, 53])
(30, [340, 316])
(30, [188, 242])
(30, [736, 745])
(30, [736, 501])
(31, [667, 271])
(31, [664, 110])
(31, [664, 268])
(31, [675, 771])
(31, [86, 97, 100])
(31, [550, 352, 129])
(31, [194, 130])
(31, [362, 127])
(31, [92, 97, 64])
(31, [678, 667])
(31, [52, 48])
(31, [678, 771])
(31, [137, 146, 200])
(31, [601, 138])
(32, [697, 737, 222])
(32, [184, 66])
(32, [737, 737])
(32, [737, 693, 737])
(32, [737, 697, 222])
(32, [737, 697])
(32, [108, 70])
(32, [693, 697, 737])
(32, [737, 693])
(32, [737, 697])
(32, [737, 108])
(32, [697, 737])
(32, [737, 697, 737])
(32, [184, 108])
(33, [716, 717])
(33, [673, 242])
(33, [746, 252])
(33, [717, 717])
(33, [763, 720, 717])
(34, [161, 157])
(34, [13, 24, 157])
(34, [9, 18])
(34, [17, 336])
(34, [322, 323])
(34, [596, 155])
(34, [206, 157])
(34, [157, 161])
(35, [242, 227])
(35, [287, 223])
(35, [232, 474])
(35, [287, 349])
(35, [290, 363])
(36, [33, 624, 619, 614, 443])
(36, [378, 669])
(36, [57, 60])
(36, [33, 624, 619])
(36, [33, 624, 619, 614, 443, 424])
(36, [33, 624, 619, 614])
(37, [426, 242, 244])
(37, [389, 430, 147])
(37, [705, 493])
(37, [147, 69, 493])
(37, [435, 248])
(37, [659, 244])
(37, [514, 424, 420])
(38, [330, 351, 686])
(38, [464, 583])
(38, [500, 543])
(38, [501, 330])
(39, [466, 460])
(39, [445, 415, 445])
(39, [415, 456, 686, 466])
(39, [466, 383, 394, 384, 416])
(39, [466, 445, 445])
(39, [461, 445, 637])
(39, [415, 456, 686])
(39, [445, 415])
(39, [466, 383, 394])
(39, [258, 445])
(39, [445, 415, 445])
(39, [697, 416])
(40, [276, 326])
(40, [589, 266, 275])
(40, [586, 369])
(40, [269, 479])
(40, [173, 311])
(40, [192, 275])
(41, [181, 609, 379])
(41, [609, 483])
(41, [609, 642])
(41, [462, 645])
(41, [609, 642])
(41, [609, 419])
(42, [148, 548])
(43, [511, 317])
(44, [209, 492])
(44, [569, 485, 486])
(44, [574, 209, 579])
(44, [67, 466])
(44, [581, 652])
(44, [546, 536])
(44, [646, 486])
(45, [279, 704, 588])
(45, [466, 441])
(45, [392, 466])
(45, [279, 704, 588, 671])
(45, [419, 392])
(46, [404, 406])
(46, [203, 202])
(46, [404, 555, 577])
(46, [458, 458, 405])
(47, [368, 670])
(47, [475, 732])
(48, [203, 375])
(49, [96, 73])
(49, [730, 290])
(49, [96, 73])
(49, [73, 90])
(49, [96, 73])
(49, [326, 85])
(49, [520, 484])
(49, [73, 133])
(50, [247, 242])
(50, [696, 247])
(50, [317, 271, 268])
(50, [223, 101])
(51, [310, 661, 483])
(51, [175, 257])
(51, [660, 295])
(52, [575, 571])
(52, [38, 38])
(53, [182, 704])
(54, [152, 242])
(54, [152, 242])
(55, [505, 146])
(55, [723, 521])
(55, [139, 531])
(55, [606, 647])
(56, [751, 230])
(57, [136, 95])
(57, [95, 78])
(57, [580, 95])
(57, [95, 87])
(57, [95, 501])
(57, [95, 141])
(57, [101, 582])
(57, [580, 95])
(57, [101, 95])
(57, [101, 95])
(57, [336, 95])
(57, [101, 95])
(57, [580, 46])
(57, [230, 348])
(57, [101, 95])
(58, [684, 412])
(59, [154, 551, 722])
(60, [608, 722])
(60, [263, 456])
(60, [326, 409])
(60, [665, 335])
(60, [360, 194])
(61, [479, 254, 229])
(61, [731, 728])
(61, [731, 254, 763])
(61, [311, 296])
(61, [479, 733])
(61, [731, 254, 763, 358, 773])
(61, [731, 773, 758, 178])
(61, [731, 479])
(61, [731, 254, 763, 358])
(61, [731, 773, 758])
(61, [697, 731, 709])
(61, [697, 731, 709, 731])
(61, [731, 733])
(61, [731, 254, 763, 358, 773, 241])
(62, [230, 230])
(62, [318, 271])
(62, [502, 511])
(62, [758, 276])
(62, [227, 244])
(62, [177, 61])
(62, [276, 154])
(62, [230, 318])
(62, [61, 230])
(62, [177, 318])
(63, [299, 759])
(63, [255, 297])
(63, [297, 255, 249])
(63, [270, 254, 300])
(63, [255, 297])
(63, [297, 299, 301])
(63, [302, 586])
(63, [254, 297])
(63, [255, 297])
(63, [266, 283])
(63, [748, 317])
(64, [603, 603])
(64, [390, 369, 361])
(64, [410, 479, 690])
(65, [481, 289])
(65, [185, 344])
(65, [186, 721])
(66, [227, 33, 44])
(67, [467, 581])
(68, [555, 570])
(69, [28, 44])
(69, [365, 364])
(69, [256, 254])
(69, [365, 364])
(69, [287, 287])
(69, [401, 287])
(70, [482, 291])
(70, [303, 338])
(70, [706, 479])
(70, [328, 286])
(70, [303, 482])
(71, [345, 755])
(71, [157, 268])
(71, [295, 288])
(72, [341, 311, 307])
(73, [94, 93])
(73, [99, 63])
(73, [73, 83, 87])
(73, [692, 689])
(73, [74, 75])
(73, [87, 92])
(74, [14, 472])
(74, [14, 2])
(75, [252, 133])
(75, [252, 80])
(75, [252, 63, 49])
(75, [254, 80])
(76, [276, 278])
(76, [235, 356])
(76, [475, 317])
(76, [238, 665])
(76, [316, 292, 244])
(76, [479, 350])
(76, [350, 231])
(76, [691, 741])
(77, [580, 516])
(78, [557, 445])
(78, [445, 423])
(78, [436, 427])
(78, [527, 411])
(78, [458, 456])
(78, [205, 445])
(78, [527, 445])
(79, [467, 353])
(79, [501, 180])
(80, [69, 109, 83])
(80, [321, 324])
(80, [128, 131, 132])
(80, [72, 73])
(80, [82, 97])
(81, [367, 367])
(81, [437, 437])
(81, [382, 437, 437])
(81, [437, 367])
(81, [440, 408])
(81, [437, 437])
(81, [437, 367])
(81, [437, 367])
(81, [367, 437])
(82, [149, 548])
(83, [471, 675])
(84, [276, 22])
(84, [635, 712])
(84, [638, 444])
(84, [635, 456])
(84, [447, 613])
(85, [81, 252])
(85, [477, 474])
(85, [77, 252])
(86, [683, 484])
(86, [464, 413])
(86, [391, 597])
(86, [68, 65])
(87, [242, 26])
(87, [92, 124])
(87, [242, 81])
(88, [325, 625, 258])
(88, [316, 315])
(88, [268, 315, 316])
(88, [320, 268])
(89, [469, 607])
(89, [461, 459])
(89, [217, 421])
(89, [617, 612])
(89, [428, 434])
(89, [468, 465, 463])
(90, [115, 115])
(90, [115, 257])
(90, [115, 29])
(90, [115, 117, 52])
(90, [139, 137])
(90, [55, 54, 53])
(91, [1, 697])
